RIVET_1
1
codensity
distance

x-grades
21/10
16/5
43/10
27/5
13/2
38/5
87/10
49/5
109/10
12

y-grades
93701/312500
93701/156250
281103/312500
93701/78125
93701/62500
281103/156250
655907/312500
187402/78125
843309/312500
93701/31250

xi values
3 8 1 0 0
3 9 0 1 0
4 6 1 0 0
4 7 0 1 0
4 8 0 1 0
4 9 1 0 1
5 5 2 0 0
5 6 0 2 0
5 8 1 0 0
5 9 0 1 0
6 6 1 1 0
6 7 0 0 1
6 8 0 2 0
7 3 1 0 0
7 4 1 1 0
7 5 1 2 0
7 6 0 0 1
7 7 0 1 0
7 8 0 0 1
7 9 0 1 0
8 4 0 1 0
8 5 0 0 1

barcode templates
13,20,1 21,24,1 21,27,1 24,25,1 
5,23,1 
0,1,1 5,23,1 
0,4,1 5,23,1 
0,4,1 8,23,1 
0,4,1 8,12,1 
0,4,1 8,12,1 18,19,1 
0,4,1 8,12,1 18,27,1 
8,12,1 18,27,1 
8,12,1 18,27,1 
11,12,1 18,27,1 
11,17,1 17,27,1 
11,17,1 17,27,1 
2,3,1 11,17,1 17,27,1 
2,22,1 11,17,1 17,27,1 
2,10,1 10,17,1 17,27,1 
2,10,1 10,17,1 16,27,1 
2,10,1 10,25,1 16,27,1 
6,7,1 6,10,1 10,25,1 16,27,1 
6,10,2 10,25,1 16,27,1 
6,15,1 6,16,1 15,27,1 16,25,1 
6,15,1 6,24,1 15,27,1 24,25,1 
14,15,1 15,24,1 15,27,1 24,25,1 
14,20,1 21,24,1 21,27,1 24,25,1 
13,14,1 14,20,1 21,24,1 21,27,1 24,25,1 
8,12,1 18,19,1 
2,3,1 11,17,1 17,27,1 
8,12,1 
8,12,1 18,19,1 
2,3,1 11,12,1 18,27,1 
2,22,1 11,17,1 17,27,1 
6,7,1 6,10,1 10,17,1 16,27,1 
8,23,1 
8,12,1 
2,3,1 11,12,1 18,19,1 
2,3,1 8,12,1 18,19,1 
2,22,1 11,12,1 18,27,1 
2,10,1 10,17,1 17,27,1 
6,7,1 6,10,1 10,17,1 17,27,1 
6,10,2 10,17,1 16,27,1 
2,3,1 8,12,1 
2,22,1 11,12,1 18,19,1 
6,7,1 6,10,1 10,17,1 17,27,1 
5,23,1 
2,3,1 8,23,1 
2,3,1 8,23,1 
2,22,1 11,12,1 
2,22,1 8,12,1 
6,7,1 6,10,1 10,17,1 17,19,1 
6,7,1 6,10,1 10,12,1 18,19,1 
6,7,1 6,22,1 11,12,1 18,19,1 
6,10,2 10,17,1 16,27,1 
6,10,2 10,17,1 17,27,1 
6,15,1 6,16,1 15,27,1 16,17,1 
14,15,1 15,16,1 15,27,1 16,25,1 
13,14,1 14,15,1 15,24,1 15,27,1 24,25,1 
6,7,1 6,22,1 11,12,1 
6,10,2 10,17,1 17,19,1 
2,3,1 5,23,1 
2,22,1 8,23,1 
6,7,1 6,22,1 8,12,1 
6,7,1 6,10,1 10,12,1 
6,10,2 10,12,1 18,19,1 
6,10,2 10,17,1 16,19,1 
6,15,1 6,16,1 15,27,1 16,17,1 
14,15,1 15,16,1 15,27,1 16,17,1 
13,14,1 14,15,1 15,16,1 15,27,1 16,25,1 
6,7,1 6,22,1 8,23,1 
6,10,2 10,12,1 
6,15,1 6,16,1 15,19,1 16,17,1 
14,15,1 15,16,1 15,27,1 16,17,1 
13,14,1 14,15,1 15,16,1 15,27,1 16,17,1 
14,15,1 15,16,1 15,19,1 16,17,1 
13,14,1 14,15,1 15,16,1 15,27,1 16,17,1 
13,14,1 14,15,1 15,16,1 15,19,1 16,17,1 
