# augmented arrangement data
# computed by RIVET from the input file data/circle_data_400pts_inv_density.txt
# homology dimension: 1
# bins: 10 10
# file created at: Tue Jul 26 10:52:31 2016

RIVET_0
1
codensity
distance

x-grades
79/10
74/5
217/10
143/5
71/2
212/5
493/10
281/5
631/10
70

y-grades
2/5
4/5
6/5
8/5
2
12/5
14/5
16/5
18/5
4

xi values
1 6 1 0 0
1 7 0 1 0
2 0 1 0 0
2 1 0 1 0
2 2 1 0 0
2 6 0 2 0
2 7 0 0 1
3 0 5 1 0
3 1 0 4 1
3 2 0 1 0
5 5 0 1 0
5 6 0 0 1
9 4 2 0 0
9 5 0 1 0
9 6 0 1 0
9 7 1 0 0
9 8 0 1 0

barcode templates
7,8,4 7,13,1 12,13,1 12,14,1 15,16,1 
-
15,16,1 
0,1,1 15,16,1 
0,5,1 15,16,1 
0,5,1 15,16,1 
0,5,1 15,16,1 
0,5,1 15,16,1 
4,5,1 15,16,1 
4,17,1 15,16,1 
4,10,1 15,16,1 
4,10,1 13,14,1 15,16,1 
4,13,1 12,13,1 12,14,1 15,16,1 
4,13,1 12,13,1 12,14,1 15,16,1 
8,13,1 12,13,1 12,14,1 15,16,1 
2,3,1 8,13,1 12,13,1 12,14,1 15,16,1 
2,7,1 7,8,4 7,13,1 12,13,1 12,14,1 15,16,1 
0,1,1 
0,5,1 
4,5,1 15,16,1 
0,5,1 
4,17,1 15,16,1 
0,5,1 
4,10,1 15,16,1 
4,5,1 
4,5,1 
4,17,1 
4,10,1 13,14,1 15,16,1 
4,17,1 
4,10,1 
8,10,1 13,14,1 15,16,1 
4,10,1 15,16,1 
2,3,1 8,10,1 13,14,1 15,16,1 
8,10,1 15,16,1 
2,7,1 7,8,4 7,10,1 13,14,1 15,16,1 
4,10,1 15,16,1 
2,3,1 8,10,1 15,16,1 
8,10,1 15,16,1 
2,7,1 7,8,4 7,10,1 15,16,1 
7,8,4 7,10,1 13,14,1 15,16,1 
4,10,1 
2,3,1 8,10,1 15,16,1 
4,5,1 
2,3,1 8,10,1 
2,3,1 4,10,1 
2,7,1 7,8,4 7,10,1 15,16,1 
7,8,4 7,10,1 15,16,1 
2,7,1 7,8,4 7,10,1 
7,8,4 7,10,1 15,16,1 
4,17,1 
7,8,4 7,10,1 
4,17,1 
2,3,1 4,17,1 
2,3,1 4,17,1 
2,3,1 8,17,1 
2,3,1 8,17,1 
2,7,1 7,8,4 7,17,1 
2,7,1 7,8,4 7,17,1 
7,8,4 7,17,1 
7,8,4 7,17,1 
4,5,1 
4,5,1 
2,3,1 4,5,1 
2,3,1 4,5,1 
