# augmented arrangement data
# computed by RIVET from the input file data/circle_data_240pts_inv_density.txt
# homology dimension: 1
# bins: 10 10
# file created at: Tue Jul 26 17:40:00 2016

RIVET_0
1
codensity
distance

x-grades
15/2
12
33/2
21
51/2
30
69/2
39
87/2
48

y-grades
2999939/10000000
2999939/5000000
8999817/10000000
2999939/2500000
2999939/2000000
8999817/5000000
20999573/10000000
2999939/1250000
26999451/10000000
2999939/1000000

xi values
2 0 1 0 0
2 1 0 1 0
3 0 1 0 0
3 1 1 1 0
3 2 0 1 0
3 3 1 0 0
4 2 1 0 0
4 3 0 1 0
5 2 1 0 0
5 3 1 1 0
5 4 0 1 0
6 2 1 0 0
6 3 0 1 0
7 3 1 0 0
7 4 0 1 0
7 9 0 1 0
8 7 0 1 0
8 9 0 0 1
9 4 2 0 0
9 5 0 1 0
9 6 0 2 0
9 7 0 0 1

barcode templates
2,3,2 3,11,1 11,13,2 11,20,1 13,18,2 18,19,1 18,20,1 
5,15,1 
5,15,1 
5,16,1 
5,16,1 
5,20,1 
5,20,1 19,20,1 
5,20,1 18,19,1 18,20,1 
5,20,1 9,10,1 18,19,1 18,20,1 
5,20,1 9,22,1 18,19,1 18,20,1 
5,20,1 9,14,1 13,14,1 18,19,1 18,20,1 
5,20,1 9,18,1 13,18,1 18,19,1 18,20,1 
5,20,1 9,18,1 13,18,1 18,19,1 18,20,1 
6,20,1 9,18,1 13,18,1 18,19,1 18,20,1 
6,20,1 8,9,1 9,18,1 13,18,1 18,19,1 18,20,1 
6,20,1 8,12,1 11,12,1 12,18,1 13,18,1 18,19,1 18,20,1 
6,20,1 8,13,1 11,13,1 13,18,2 18,19,1 18,20,1 
3,4,1 6,20,1 8,13,1 11,13,1 13,18,2 18,19,1 18,20,1 
3,6,1 6,20,1 8,13,1 11,13,1 13,18,2 18,19,1 18,20,1 
3,8,1 8,13,1 8,20,1 11,13,1 13,18,2 18,19,1 18,20,1 
3,11,1 11,13,2 11,20,1 13,18,2 18,19,1 18,20,1 
0,1,1 3,11,1 11,13,2 11,20,1 13,18,2 18,19,1 18,20,1 
0,3,1 2,3,1 3,11,1 11,13,2 11,20,1 13,18,2 18,19,1 18,20,1 
5,20,1 9,14,1 13,14,1 18,19,1 18,20,1 
6,20,1 9,14,1 13,14,1 18,19,1 18,20,1 
5,20,1 9,10,1 19,20,1 
5,20,1 9,22,1 18,19,1 18,20,1 
6,20,1 8,9,1 9,14,1 13,14,1 18,19,1 18,20,1 
3,4,1 6,20,1 8,12,1 11,12,1 12,18,1 13,18,1 18,19,1 18,20,1 
0,1,1 3,8,1 8,13,1 8,20,1 11,13,1 13,18,2 18,19,1 18,20,1 
5,20,1 9,22,1 19,20,1 
5,20,1 9,10,1 19,20,1 
6,20,1 9,22,1 18,19,1 18,20,1 
3,4,1 6,20,1 8,12,1 11,12,1 12,14,1 13,14,1 18,19,1 18,20,1 
3,4,1 6,20,1 8,9,1 9,14,1 13,14,1 18,19,1 18,20,1 
3,6,1 6,20,1 8,12,1 11,12,1 12,18,1 13,18,1 18,19,1 18,20,1 
0,1,1 3,6,1 6,20,1 8,13,1 11,13,1 13,18,2 18,19,1 18,20,1 
0,3,1 2,3,1 3,8,1 8,13,1 8,20,1 11,13,1 13,18,2 18,19,1 18,20,1 
6,20,1 9,22,1 19,20,1 
3,6,1 6,20,1 8,12,1 11,12,1 12,14,1 13,14,1 18,19,1 18,20,1 
0,1,1 3,6,1 6,20,1 8,12,1 11,12,1 12,18,1 13,18,1 18,19,1 18,20,1 
0,1,1 3,6,1 6,20,1 8,12,1 11,12,1 12,14,1 13,14,1 18,19,1 18,20,1 
5,20,1 9,10,1 
5,20,1 
6,20,1 9,10,1 19,20,1 
3,4,1 6,20,1 8,9,1 9,14,1 13,14,1 19,20,1 
3,4,1 6,20,1 8,9,1 9,22,1 19,20,1 
3,4,1 6,20,1 9,22,1 19,20,1 
0,1,1 3,6,1 6,20,1 8,9,1 9,14,1 13,14,1 18,19,1 18,20,1 
0,1,1 3,4,1 6,20,1 8,9,1 9,14,1 13,14,1 18,19,1 18,20,1 
0,3,1 2,3,1 3,8,1 8,13,1 8,20,1 11,13,1 13,14,2 18,19,1 18,20,1 
0,3,1 2,3,1 3,8,1 8,12,1 8,20,1 11,12,1 12,14,1 13,14,1 18,19,1 18,20,1 
0,3,1 2,3,1 3,6,1 6,20,1 8,12,1 11,12,1 12,14,1 13,14,1 18,19,1 18,20,1 
0,1,1 3,4,1 6,20,1 8,9,1 9,14,1 13,14,1 19,20,1 
6,20,1 9,10,1 
0,1,1 3,4,1 6,20,1 8,9,1 9,22,1 19,20,1 
0,1,1 3,6,1 6,20,1 8,9,1 9,14,1 13,14,1 19,20,1 
5,16,1 
3,4,1 6,20,1 9,22,1 
3,4,1 6,20,1 9,10,1 
0,1,1 3,4,1 6,20,1 9,22,1 19,20,1 
0,1,1 3,6,1 6,20,1 8,9,1 9,22,1 19,20,1 
0,3,1 2,3,1 3,6,1 6,20,1 8,12,1 11,12,1 12,14,1 13,14,1 19,20,1 
0,3,1 2,3,1 3,6,1 6,20,1 8,9,1 9,14,1 13,14,1 19,20,1 
2,3,2 3,11,1 11,13,2 11,20,1 13,14,2 18,19,1 18,20,1 
2,3,2 3,8,1 8,13,1 8,20,1 11,13,1 13,14,2 18,19,1 18,20,1 
0,1,1 3,4,1 6,20,1 9,22,1 
5,16,1 9,10,1 
0,1,1 3,4,1 6,20,1 9,10,1 
0,1,1 3,4,1 6,20,1 8,9,1 9,22,1 
0,3,1 2,3,1 3,6,1 6,20,1 8,9,1 9,22,1 19,20,1 
0,3,1 2,3,1 3,8,1 8,12,1 8,20,1 11,12,1 12,14,1 13,14,1 19,20,1 
2,3,2 3,8,1 8,12,1 8,20,1 11,12,1 12,14,1 13,14,1 18,19,1 18,20,1 
6,16,1 9,10,1 
0,1,1 3,6,1 6,20,1 8,9,1 9,22,1 
3,4,1 6,16,1 9,10,1 
0,3,1 2,3,1 3,6,1 6,20,1 8,9,1 9,22,1 
2,3,2 3,8,1 8,12,1 8,20,1 11,12,1 12,14,1 13,14,1 19,20,1 
0,1,1 3,4,1 6,16,1 9,10,1 
5,16,1 
0,1,1 3,4,1 6,16,1 
0,1,1 3,4,1 5,16,1 
0,1,1 5,16,1 
0,3,1 2,3,1 3,6,1 6,16,1 8,9,1 9,22,1 
0,3,1 2,3,1 3,6,1 6,16,1 8,9,1 9,10,1 
0,3,1 2,3,1 3,6,1 6,16,1 9,10,1 
0,3,1 2,3,1 3,4,1 6,16,1 9,10,1 
2,3,2 3,8,1 8,12,1 8,20,1 11,12,1 12,14,1 13,14,1 
2,3,2 3,8,1 8,12,1 8,20,1 11,12,1 12,22,1 
2,3,2 3,8,1 8,9,1 8,20,1 9,22,1 
2,3,2 3,6,1 6,20,1 8,9,1 9,22,1 
2,3,2 3,11,1 11,13,2 11,20,1 13,14,2 19,20,1 
2,3,2 3,11,1 11,12,2 11,20,1 12,14,1 13,14,1 19,20,1 
0,1,1 5,16,1 
0,1,1 3,4,1 5,16,1 
2,3,2 3,6,1 6,16,1 8,9,1 9,22,1 
5,15,1 
0,1,1 3,4,1 6,16,1 
0,1,1 3,4,1 6,16,1 9,10,1 
2,3,2 3,8,1 8,9,1 8,16,1 9,22,1 
0,1,1 5,15,1 
0,3,1 2,3,1 3,4,1 6,16,1 9,10,1 
2,3,2 3,6,1 6,16,1 8,9,1 9,10,1 
2,3,2 3,8,1 8,12,1 8,16,1 11,12,1 12,22,1 
2,3,2 3,11,1 11,12,2 11,20,1 12,14,1 13,14,1 
0,1,1 3,4,1 5,15,1 
0,3,1 2,3,1 3,6,1 6,16,1 9,10,1 
5,15,1 
0,1,1 3,4,1 6,15,1 
0,3,1 2,3,1 3,4,1 6,16,1 
2,3,2 3,6,1 6,16,1 8,9,1 9,10,1 
2,3,2 3,6,1 6,16,1 9,10,1 
2,3,2 3,8,1 8,12,1 8,16,1 11,12,1 12,14,1 13,14,1 
2,3,2 3,11,1 11,13,2 11,20,1 13,14,2 
0,1,1 5,15,1 
0,3,1 2,3,1 3,4,1 6,15,1 
0,3,1 2,3,1 3,4,1 6,15,1 9,10,1 
2,3,2 3,6,1 6,16,1 8,9,1 9,22,1 
2,3,2 3,11,1 11,12,2 11,16,1 12,14,1 13,14,1 
0,1,1 3,4,1 5,15,1 
0,3,1 2,3,1 3,6,1 6,15,1 9,10,1 
2,3,2 3,8,1 8,9,1 8,16,1 9,22,1 
2,3,2 3,6,1 6,15,1 9,10,1 
0,1,1 5,15,1 
0,3,1 2,3,1 3,4,1 6,15,1 
0,3,1 2,3,1 3,4,1 5,15,1 
2,3,2 3,6,1 6,15,1 
2,3,2 3,4,1 6,15,1 
2,3,2 3,6,1 6,15,1 8,9,1 9,10,1 
2,3,2 3,8,1 8,9,1 8,16,1 9,10,1 
2,3,2 3,8,1 8,12,1 8,16,1 11,12,1 12,22,1 
2,3,2 3,11,1 11,12,2 11,16,1 12,22,1 
2,3,2 3,11,1 11,13,2 11,16,1 13,14,2 
2,3,2 3,4,1 6,15,1 
2,3,2 3,6,1 6,15,1 
2,3,2 3,8,1 8,9,1 8,15,1 9,10,1 
2,3,2 3,11,1 11,12,2 11,16,1 12,22,1 
2,3,2 3,6,1 6,15,1 9,10,1 
2,3,2 3,8,1 8,9,1 8,15,1 9,22,1 
2,3,2 3,11,1 11,12,2 11,16,1 12,14,1 13,14,1 
2,3,2 3,4,1 5,15,1 
2,3,2 3,6,1 6,15,1 8,9,1 9,10,1 
2,3,2 3,8,1 8,12,1 8,15,1 11,12,1 12,22,1 
2,3,2 3,11,1 11,13,2 11,16,1 13,14,2 
2,3,2 3,8,1 8,9,1 8,15,1 9,10,1 
2,3,2 3,11,1 11,12,2 11,15,1 12,22,1 
2,3,2 3,8,1 8,9,1 8,15,1 9,22,1 
2,3,2 3,11,1 11,12,2 11,15,1 12,14,1 13,14,1 
2,3,2 3,8,1 8,12,1 8,15,1 11,12,1 12,22,1 
2,3,2 3,11,1 11,13,2 11,15,1 13,14,2 
2,3,2 3,11,1 11,12,2 11,15,1 12,22,1 
