# augmented arrangement data
# computed by RIVET from the input file data/circle_data_240pts_inv_density.txt
# homology dimension: 0
# bins: 5 5
# file created at: Tue Jul 26 19:07:39 2016

RIVET_0
0
codensity
distance

x-grades
12
21
30
39
48

y-grades
2999939/5000000
2999939/2500000
8999817/5000000
2999939/1250000
2999939/1000000

xi values
0 0 8 0 0
0 1 0 4 0
0 2 0 1 0
0 3 0 2 0
1 0 1 7 0
1 1 0 1 4
1 2 0 0 1
1 3 0 0 2
2 0 4 1 0
2 1 0 4 1
3 0 3 0 0
3 1 0 3 0
4 0 10 0 0
4 1 0 5 0
4 2 0 5 0

barcode templates
12,13,12 12,14,5 12,i,1 
3,i,1 
2,3,2 2,i,1 
2,6,2 2,i,1 
2,6,2 2,i,1 
2,6,2 2,i,1 
2,6,2 2,i,1 
1,2,1 1,6,2 1,i,1 
1,5,3 1,i,1 
1,5,3 1,i,1 
1,5,3 1,i,1 
1,5,3 1,i,1 13,14,5 
0,1,4 0,5,3 0,i,1 13,14,5 
0,4,7 0,i,1 4,5,1 13,14,5 
0,4,7 0,i,1 4,8,1 8,9,4 13,14,5 
0,4,7 0,i,1 4,8,1 8,11,4 10,11,3 13,14,5 
0,4,7 0,i,1 4,8,1 8,13,4 10,13,3 12,13,5 12,14,5 
4,8,1 4,i,1 8,13,4 10,13,3 12,13,5 12,14,5 
8,13,4 8,i,1 10,13,3 12,13,5 12,14,5 
10,13,7 10,i,1 12,13,5 12,14,5 
1,2,1 1,6,2 1,i,1 
0,1,4 0,5,3 0,i,1 
1,2,1 1,6,2 1,i,1 
1,5,3 1,i,1 
0,1,4 0,5,3 0,i,1 
0,4,7 0,i,1 4,5,1 
4,8,1 4,i,1 8,11,4 10,11,3 13,14,5 
1,2,1 1,6,2 1,i,1 
1,5,3 1,i,1 
0,1,4 0,5,3 0,i,1 
0,1,4 0,5,3 0,i,1 
0,4,7 0,i,1 4,5,1 
0,4,7 0,i,1 4,8,1 8,9,4 
4,8,1 4,i,1 8,9,4 13,14,5 
8,11,4 8,i,1 10,11,3 13,14,5 
0,1,4 0,5,3 0,i,1 
0,4,7 0,i,1 4,5,1 
4,8,1 4,i,1 8,9,4 
1,2,1 1,3,2 1,i,1 
0,1,4 0,5,3 0,i,1 
0,1,4 0,2,1 0,6,2 0,i,1 
0,4,7 0,i,1 4,5,1 
0,4,7 0,i,1 4,5,1 
4,8,1 4,i,1 8,9,4 
4,8,1 4,i,1 8,9,4 
4,5,1 4,i,1 
8,11,4 8,i,1 10,11,3 
8,9,4 8,i,1 
10,11,7 10,i,1 13,14,5 
4,5,1 4,i,1 
8,9,4 8,i,1 
0,1,4 0,2,1 0,3,2 0,i,1 
0,4,7 0,i,1 4,5,1 
4,5,1 4,i,1 
4,8,1 4,i,1 8,9,4 
8,9,4 8,i,1 
8,11,4 8,i,1 10,11,3 
10,11,7 10,i,1 
4,5,1 4,i,1 
8,9,4 8,i,1 
10,11,7 10,i,1 
