points
2
2
4
    1.3235    1.4423    5.0000
    2.6223    2.5733    3.0000
    0.4378    1.1243    5.0000
    1.4138    1.8401    5.0000
   -2.9966   -1.7733    3.0000
    2.6858    1.3338    5.0000
    1.5497   -3.1720    1.0000
   -0.5265   -3.0625    2.0000
    3.1974   -1.6075    3.0000
   -1.9037    0.0881    2.0000
   -1.7924   -2.6332    3.0000
    1.2864   -1.0625    1.0000
   -3.5589   -0.8787    2.0000
   -0.5499    2.6802    3.0000
    3.5165   -0.5353    3.0000
    2.4768    0.5770    3.0000
   -1.5116    2.9102    2.0000
    3.8401   -0.6574    3.0000
   -0.8713    0.9879    4.0000
   -0.5130    1.3163    4.0000
