points
2
3
   -1.4471   -2.1285   34.0000
    2.0913   -2.0081   39.0000
    1.9683   -1.3857   41.0000
    1.6629    2.3577   27.0000
    0.9754    2.5852   30.0000
    0.7565   -2.8733   41.0000
    2.8895    1.1589   30.0000
   -2.5012    2.0737   34.0000
   -0.9132    2.8125   33.0000
   -0.2989   -2.9972   36.0000
    2.6207    2.0120   33.0000
    0.8958   -3.2685   39.0000
    0.6259   -3.0007   42.0000
   -3.1911   -0.6587   30.0000
   -0.0586    2.7804   30.0000
    3.1360    1.4987   31.0000
   -1.9707   -1.9907   32.0000
    2.7365    0.4278   35.0000
    2.9243    1.2014   30.0000
    2.0455    2.1676   30.0000
   -2.4035    0.7707   41.0000
   -1.5581   -2.9354   33.0000
    1.9842   -2.5215   42.0000
   -3.4941    0.0341   29.0000
    2.9445    0.9319   32.0000
   -1.2538    2.9566   33.0000
   -1.6710   -2.0626   32.0000
    0.8063   -3.4653   37.0000
   -0.9038    3.5997   26.0000
   -2.8853    0.0387   34.0000
    1.1637   -2.5375   44.0000
   -2.7279   -1.8571   30.0000
   -2.5901   -0.6033   32.0000
   -1.4821    2.6612   39.0000
   -2.5155    1.5592   35.0000
    0.8867   -3.1246   39.0000
   -1.3317    2.0078   35.0000
   -2.9536    0.7070   39.0000
   -2.0765    2.2728   37.0000
   -1.0571   -2.2309   34.0000
   -2.6886   -1.2196   37.0000
   -1.8454   -2.6005   31.0000
   -2.6132    0.1461   38.0000
   -2.3376    1.7332   33.0000
   -3.0285    0.4313   35.0000
    2.5980    1.1552   32.0000
   -2.9434    1.8414   31.0000
    3.1701   -0.6235   34.0000
    0.5422   -2.7739   42.0000
   -0.4074   -3.0726   39.0000
    0.3278   -3.3225   37.0000
    0.1271   -3.0718   39.0000
    1.7516   -2.6386   43.0000
    0.4033   -3.1674   40.0000
    3.1928   -0.4307   30.0000
    1.9915    1.6764   37.0000
   -2.2216    1.6993   32.0000
   -2.8905    0.1443   37.0000
   -0.1282    2.5175   30.0000
    2.5102    0.5937   35.0000
    3.0671   -0.4980   35.0000
   -0.4586   -3.0736   41.0000
    1.9601    2.6266   26.0000
    1.8609    2.4914   26.0000
   -0.7757   -2.6591   43.0000
   -2.1962    2.0367   35.0000
    2.4702    1.2863   39.0000
   -2.7618    1.7323   33.0000
    1.5862    1.9924   27.0000
    0.9857   -3.1051   39.0000
    2.8518   -1.3365   33.0000
    3.2305    0.0958   32.0000
   -1.6607   -2.2870   34.0000
   -1.3280   -2.7559   33.0000
   -0.0680    2.9869   29.0000
    1.4073   -2.1226   47.0000
   -0.8578    3.0262   32.0000
    3.0883    0.5262   30.0000
    2.3133    1.5364   38.0000
    0.9993   -3.2205   39.0000
   -0.5933   -2.3982   41.0000
    0.5994   -2.8136   42.0000
   -2.0522   -2.0246   31.0000
    1.2712   -2.4789   47.0000
    2.7333    0.6114   34.0000
   -2.6064    1.7599   34.0000
    0.0057    2.7379   30.0000
   -2.9989    0.3617   34.0000
    2.1043   -1.9553   39.0000
   -0.5674    2.9066   31.0000
   -2.9073   -2.0885   30.0000
    2.7990    0.4655   35.0000
    1.8322    2.7033   25.0000
    1.5151   -2.6024   46.0000
    1.0213    2.8308   28.0000
    1.1674   -2.1303   47.0000
   -1.7377    2.8128   32.0000
   -1.4488   -2.6798   32.0000
    2.7159    0.9273   32.0000
   -0.2964   -2.9966   36.0000
   -2.9673    0.0097   34.0000
    3.3267   -1.2380   30.0000
   -0.6598    2.5851   33.0000
   -2.0217    1.9825   36.0000
    2.3253    2.0180   33.0000
    3.4699   -0.7790   25.0000
   -2.8047    1.2661   39.0000
    2.8738    1.6889   36.0000
   -0.6705   -3.1553   37.0000
   -3.2128   -0.1371   32.0000
   -1.5956    2.9868   29.0000
    0.0816   -3.6865   30.0000
    1.5662   -2.6105   45.0000
   -0.0680    2.9122   29.0000
   -2.9850   -0.6559   30.0000
   -2.6710    1.1525   39.0000
    1.2639    1.9295   27.0000
   -2.3936   -1.7502   35.0000
    2.8178   -1.1682   33.0000
    2.2526    1.8107   37.0000
    2.3742   -1.7254   41.0000
   -3.2028   -1.0510   29.0000
   -2.7151    1.3332   37.0000
    1.7217    2.4458   26.0000
    0.0432    2.8013   28.0000
   -2.6793    0.9198   38.0000
   -2.9069   -0.6074   31.0000
   -1.8570    2.4049   36.0000
    0.4510   -3.0838   40.0000
    2.5696   -2.3625   36.0000
   -0.3400   -3.3900   36.0000
   -2.1975    1.4647   36.0000
   -2.7980   -2.1473   29.0000
   -1.7093   -2.0957   32.0000
    2.6251    2.7078   23.0000
   -3.0589    0.0732   34.0000
   -1.0638    2.6638   36.0000
   -2.1078   -1.1343   38.0000
    2.7017   -0.9994   35.0000
   -3.1042    1.5343   32.0000
    2.8141    0.5944   33.0000
    2.5878   -1.2290   36.0000
    2.3219   -1.1834   36.0000
   -1.6660    2.0580   39.0000
   -0.1773    2.8208   31.0000
    0.7134   -3.0250   41.0000
   -2.3750   -0.1731   32.0000
   -2.9564   -1.2252   32.0000
   -1.1375   -2.6193   33.0000
    2.7103    1.7778   37.0000
    2.0879   -2.1524   39.0000
    2.6849   -1.0061   36.0000
    2.5881    1.7970   37.0000
    1.7859   -2.5967   43.0000
    3.0386   -1.9446   32.0000
    2.6030    0.1858   34.0000
   -2.7586   -0.4135   32.0000
   -1.5430   -2.1335   35.0000
   -2.1237    1.8689   35.0000
   -1.6843   -2.2970   34.0000
    0.2313   -2.8582   40.0000
   -2.5421   -1.3091   39.0000
   -1.9237   -2.0986   32.0000
   -0.5163    2.8830   32.0000
    1.6736   -2.6432   44.0000
   -2.9880    1.4793   36.0000
   -1.9571   -2.1272   32.0000
    1.7767   -3.0714   38.0000
   -0.4126    3.2356   29.0000
   -2.7330    1.9647   33.0000
   -2.5502   -0.9047   37.0000
   -2.3006    0.8469   41.0000
    2.6118    1.6663   38.0000
   -0.1095   -3.1014   37.0000
    2.4378    0.5067   33.0000
   -2.3094    1.0913   39.0000
    3.0209    0.7205   33.0000
    3.2727   -0.5015   30.0000
   -3.3734   -0.4766   26.0000
    2.2970   -1.4652   42.0000
   -2.3631    2.1300   35.0000
    2.3813   -2.1140   37.0000
   -0.0943    2.9889   29.0000
    2.2579   -1.4519   42.0000
    2.1041   -1.6415   41.0000
   -2.5890    1.9181   34.0000
   -1.7643   -1.7647   34.0000
   -2.6528   -1.1998   37.0000
    2.3980   -1.8719   39.0000
    0.7430    3.2439   25.0000
    2.8914    0.0701   33.0000
    1.8888   -1.7608   38.0000
    0.2898    3.0909   26.0000
    0.0898    2.7827   29.0000
   -2.2365   -2.7353   29.0000
   -0.9203    2.5804   35.0000
    1.3959   -2.7133   44.0000
    2.6902   -2.4114   34.0000
    3.1228   -1.1160   33.0000
   -2.3171    1.8975   34.0000
    1.1481   -3.4362   34.0000
    3.3744    5.1099    2.0000
   -3.4053   -3.4124    6.0000
   -0.4011   -1.2082   12.0000
    2.7799    1.6646   37.0000
   -4.3004   -0.8534   10.0000
    0.7683   -0.6474    8.0000
   -0.2895    3.3628   28.0000
    0.2779    2.8981   29.0000
    1.8022   -2.8534   41.0000
   -1.9526    0.0547   31.0000
    0.3598    0.5110    4.0000
    0.1936    1.5941   23.0000
   -2.9723   -4.5531    4.0000
   -2.6128   -1.0909   35.0000
   -0.4580    1.7025   25.0000
   -3.5289   -3.4114    6.0000
   -0.8917   -4.0988   17.0000
   -0.3605    1.8437   26.0000
   -3.7462    2.3030   15.0000
   -2.8796    3.3842   10.0000
    0.3908   -1.9554   38.0000
    2.4396    2.7843   26.0000
    2.0562   -1.4535   40.0000
   -1.1402    4.4833    5.0000
   -1.3593    0.0038   11.0000
    0.5172   -2.4141   42.0000
   -1.7993   -3.6474   16.0000
    1.7054    2.3414   27.0000
   -1.2341   -3.5404   26.0000
    3.6236    3.8111    3.0000
    2.3060   -0.8148   38.0000
    1.1909   -1.0313   23.0000
   -5.0086   -0.4736    2.0000
   -1.0434   -2.1961   34.0000
    3.3775   -0.4960   30.0000
    1.5818    1.5909   31.0000
    0.0135   -0.9605    6.0000
    0.8231   -1.5652   32.0000
    0.9233   -4.6144    8.0000
