points
2
3
codensity
   -1.4471   -2.1285   16.0000
    2.0913   -2.0081   11.0000
    1.9683   -1.3857    9.0000
    1.6629    2.3577   23.0000
    0.9754    2.5852   20.0000
    0.7565   -2.8733    9.0000
    2.8895    1.1589   20.0000
   -2.5012    2.0737   16.0000
   -0.9132    2.8125   17.0000
   -0.2989   -2.9972   14.0000
    2.6207    2.0120   17.0000
    0.8958   -3.2685   11.0000
    0.6259   -3.0007    8.0000
   -3.1911   -0.6587   20.0000
   -0.0586    2.7804   20.0000
    3.1360    1.4987   19.0000
   -1.9707   -1.9907   18.0000
    2.7365    0.4278   15.0000
    2.9243    1.2014   20.0000
    2.0455    2.1676   20.0000
   -2.4035    0.7707    9.0000
   -1.5581   -2.9354   17.0000
    1.9842   -2.5215    8.0000
   -3.4941    0.0341   21.0000
    2.9445    0.9319   18.0000
   -1.2538    2.9566   17.0000
   -1.6710   -2.0626   18.0000
    0.8063   -3.4653   13.0000
   -0.9038    3.5997   24.0000
   -2.8853    0.0387   16.0000
    1.1637   -2.5375    6.0000
   -2.7279   -1.8571   20.0000
   -2.5901   -0.6033   18.0000
   -1.4821    2.6612   11.0000
   -2.5155    1.5592   15.0000
    0.8867   -3.1246   11.0000
   -1.3317    2.0078   15.0000
   -2.9536    0.7070   11.0000
   -2.0765    2.2728   13.0000
   -1.0571   -2.2309   16.0000
   -2.6886   -1.2196   13.0000
   -1.8454   -2.6005   19.0000
   -2.6132    0.1461   12.0000
   -2.3376    1.7332   17.0000
   -3.0285    0.4313   15.0000
    2.5980    1.1552   18.0000
   -2.9434    1.8414   19.0000
    3.1701   -0.6235   16.0000
    0.5422   -2.7739    8.0000
   -0.4074   -3.0726   11.0000
    0.3278   -3.3225   13.0000
    0.1271   -3.0718   11.0000
    1.7516   -2.6386    7.0000
    0.4033   -3.1674   10.0000
    3.1928   -0.4307   20.0000
    1.9915    1.6764   13.0000
   -2.2216    1.6993   18.0000
   -2.8905    0.1443   13.0000
   -0.1282    2.5175   20.0000
    2.5102    0.5937   15.0000
    3.0671   -0.4980   15.0000
   -0.4586   -3.0736    9.0000
    1.9601    2.6266   24.0000
    1.8609    2.4914   24.0000
   -0.7757   -2.6591    7.0000
   -2.1962    2.0367   15.0000
    2.4702    1.2863   11.0000
   -2.7618    1.7323   17.0000
    1.5862    1.9924   23.0000
    0.9857   -3.1051   11.0000
    2.8518   -1.3365   17.0000
    3.2305    0.0958   18.0000
   -1.6607   -2.2870   16.0000
   -1.3280   -2.7559   17.0000
   -0.0680    2.9869   21.0000
    1.4073   -2.1226    3.0000
   -0.8578    3.0262   18.0000
    3.0883    0.5262   20.0000
    2.3133    1.5364   12.0000
    0.9993   -3.2205   11.0000
   -0.5933   -2.3982    9.0000
    0.5994   -2.8136    8.0000
   -2.0522   -2.0246   19.0000
    1.2712   -2.4789    3.0000
    2.7333    0.6114   16.0000
   -2.6064    1.7599   16.0000
    0.0057    2.7379   20.0000
   -2.9989    0.3617   16.0000
    2.1043   -1.9553   11.0000
   -0.5674    2.9066   19.0000
   -2.9073   -2.0885   20.0000
    2.7990    0.4655   15.0000
    1.8322    2.7033   25.0000
    1.5151   -2.6024    4.0000
    1.0213    2.8308   22.0000
    1.1674   -2.1303    3.0000
   -1.7377    2.8128   18.0000
   -1.4488   -2.6798   18.0000
    2.7159    0.9273   18.0000
   -0.2964   -2.9966   14.0000
   -2.9673    0.0097   16.0000
    3.3267   -1.2380   20.0000
   -0.6598    2.5851   17.0000
   -2.0217    1.9825   14.0000
    2.3253    2.0180   17.0000
    3.4699   -0.7790   25.0000
   -2.8047    1.2661   11.0000
    2.8738    1.6889   14.0000
   -0.6705   -3.1553   13.0000
   -3.2128   -0.1371   18.0000
   -1.5956    2.9868   21.0000
    0.0816   -3.6865   20.0000
    1.5662   -2.6105    5.0000
   -0.0680    2.9122   21.0000
   -2.9850   -0.6559   20.0000
   -2.6710    1.1525   11.0000
    1.2639    1.9295   23.0000
   -2.3936   -1.7502   15.0000
    2.8178   -1.1682   17.0000
    2.2526    1.8107   13.0000
    2.3742   -1.7254    9.0000
   -3.2028   -1.0510   21.0000
   -2.7151    1.3332   13.0000
    1.7217    2.4458   24.0000
    0.0432    2.8013   22.0000
   -2.6793    0.9198   12.0000
   -2.9069   -0.6074   19.0000
   -1.8570    2.4049   14.0000
    0.4510   -3.0838   10.0000
    2.5696   -2.3625   14.0000
   -0.3400   -3.3900   14.0000
   -2.1975    1.4647   14.0000
   -2.7980   -2.1473   21.0000
   -1.7093   -2.0957   18.0000
    2.6251    2.7078   27.0000
   -3.0589    0.0732   16.0000
   -1.0638    2.6638   14.0000
   -2.1078   -1.1343   12.0000
    2.7017   -0.9994   15.0000
   -3.1042    1.5343   18.0000
    2.8141    0.5944   17.0000
    2.5878   -1.2290   14.0000
    2.3219   -1.1834   14.0000
   -1.6660    2.0580   11.0000
   -0.1773    2.8208   19.0000
    0.7134   -3.0250    9.0000
   -2.3750   -0.1731   18.0000
   -2.9564   -1.2252   18.0000
   -1.1375   -2.6193   17.0000
    2.7103    1.7778   13.0000
    2.0879   -2.1524   11.0000
    2.6849   -1.0061   14.0000
    2.5881    1.7970   13.0000
    1.7859   -2.5967    7.0000
    3.0386   -1.9446   18.0000
    2.6030    0.1858   16.0000
   -2.7586   -0.4135   18.0000
   -1.5430   -2.1335   15.0000
   -2.1237    1.8689   15.0000
   -1.6843   -2.2970   16.0000
    0.2313   -2.8582   10.0000
   -2.5421   -1.3091   11.0000
   -1.9237   -2.0986   18.0000
   -0.5163    2.8830   18.0000
    1.6736   -2.6432    6.0000
   -2.9880    1.4793   14.0000
   -1.9571   -2.1272   18.0000
    1.7767   -3.0714   12.0000
   -0.4126    3.2356   21.0000
   -2.7330    1.9647   17.0000
   -2.5502   -0.9047   13.0000
   -2.3006    0.8469    9.0000
    2.6118    1.6663   12.0000
   -0.1095   -3.1014   13.0000
    2.4378    0.5067   17.0000
   -2.3094    1.0913   11.0000
    3.0209    0.7205   17.0000
    3.2727   -0.5015   20.0000
   -3.3734   -0.4766   24.0000
    2.2970   -1.4652    8.0000
   -2.3631    2.1300   15.0000
    2.3813   -2.1140   13.0000
   -0.0943    2.9889   21.0000
    2.2579   -1.4519    8.0000
    2.1041   -1.6415    9.0000
   -2.5890    1.9181   16.0000
   -1.7643   -1.7647   16.0000
   -2.6528   -1.1998   13.0000
    2.3980   -1.8719   11.0000
    0.7430    3.2439   25.0000
    2.8914    0.0701   17.0000
    1.8888   -1.7608   12.0000
    0.2898    3.0909   24.0000
    0.0898    2.7827   21.0000
   -2.2365   -2.7353   21.0000
   -0.9203    2.5804   15.0000
    1.3959   -2.7133    6.0000
    2.6902   -2.4114   16.0000
    3.1228   -1.1160   17.0000
   -2.3171    1.8975   16.0000
    1.1481   -3.4362   16.0000
    3.3744    5.1099   48.0000
   -3.4053   -3.4124   44.0000
   -0.4011   -1.2082   38.0000
    2.7799    1.6646   13.0000
   -4.3004   -0.8534   40.0000
    0.7683   -0.6474   42.0000
   -0.2895    3.3628   22.0000
    0.2779    2.8981   21.0000
    1.8022   -2.8534    9.0000
   -1.9526    0.0547   19.0000
    0.3598    0.5110   46.0000
    0.1936    1.5941   27.0000
   -2.9723   -4.5531   46.0000
   -2.6128   -1.0909   15.0000
   -0.4580    1.7025   25.0000
   -3.5289   -3.4114   44.0000
   -0.8917   -4.0988   33.0000
   -0.3605    1.8437   24.0000
   -3.7462    2.3030   35.0000
   -2.8796    3.3842   40.0000
    0.3908   -1.9554   12.0000
    2.4396    2.7843   24.0000
    2.0562   -1.4535   10.0000
   -1.1402    4.4833   45.0000
   -1.3593    0.0038   39.0000
    0.5172   -2.4141    8.0000
   -1.7993   -3.6474   34.0000
    1.7054    2.3414   23.0000
   -1.2341   -3.5404   24.0000
    3.6236    3.8111   47.0000
    2.3060   -0.8148   12.0000
    1.1909   -1.0313   27.0000
   -5.0086   -0.4736   48.0000
   -1.0434   -2.1961   16.0000
    3.3775   -0.4960   20.0000
    1.5818    1.5909   19.0000
    0.0135   -0.9605   44.0000
    0.8231   -1.5652   18.0000
    0.9233   -4.6144   42.0000
