# augmented arrangement data
# computed by RIVET from the input file C:/Users/mlwri/Documents/Repos/RIVET/data/circle_data_240pts_inv_density.txt
# homology dimension: 1
# bins: 20 20
# file created at: Thu Sep 24 21:04:18 2015

RIVET_0
1
time
distance

x-grades
21/4
15/2
39/4
12
57/4
33/2
75/4
21
93/4
51/2
111/4
30
129/4
69/2
147/4
39
165/4
87/2
183/4
48

y-grades
3/20
3/10
9/20
3/5
3/4
9/10
21/20
6/5
27/20
3/2
33/20
9/5
39/20
21/10
9/4
12/5
51/20
27/10
57/20
3

xi values
4 1 1 0 0
4 2 1 1 0
4 3 0 1 0
5 2 1 0 0
5 3 0 1 0
5 4 1 0 0
5 5 0 1 0
6 1 1 0 0
6 2 1 1 0
6 3 0 1 0
6 4 1 0 0
6 5 0 1 0
6 18 1 0 0
7 2 2 0 0
7 3 1 2 0
7 4 0 1 0
7 7 1 0 0
7 18 0 1 0
8 2 1 0 0
8 3 0 1 0
8 4 1 0 0
8 7 0 1 0
9 4 1 0 0
9 5 0 1 0
10 4 1 0 0
10 5 1 1 0
10 7 1 1 0
10 8 0 1 0
13 5 1 0 0
13 6 0 1 0
15 7 1 0 0
15 8 0 1 0
15 10 1 0 0
15 11 0 1 0
15 18 0 1 0
17 15 0 1 0
17 18 0 0 1
19 8 1 0 0
19 9 1 0 0
19 10 0 1 0
19 12 0 1 0
19 13 0 1 0
19 15 0 0 1

barcode templates
7,18,2 18,19,6 19,24,1 24,28,4 24,41,1 28,29,1 28,30,1 30,37,2 37,40,1 38,39,1 39,52,1 
12,34,1 
12,34,1 
16,34,1 
16,34,1 
16,34,1 
16,34,1 
16,34,1 
16,34,1 
16,35,1 
16,35,1 
16,41,1 
16,41,1 
16,41,1 52,40,1 
16,41,1 32,33,1 52,40,1 
16,41,1 32,52,1 39,40,1 
16,41,1 32,52,1 39,40,1 
16,41,1 38,39,1 38,40,1 39,52,1 
16,41,1 37,40,1 38,39,1 39,52,1 
16,41,1 26,27,1 37,40,1 38,39,1 39,52,1 
16,41,1 26,50,1 37,40,1 38,39,1 39,52,1 
16,41,1 26,31,1 30,31,1 37,40,1 38,39,1 39,52,1 
16,41,1 26,37,1 30,37,1 37,40,1 38,39,1 39,52,1 
16,41,1 26,37,1 30,37,1 37,40,1 38,39,1 39,52,1 
26,37,1 30,37,1 37,40,1 38,39,1 39,52,1 44,41,1 
26,37,1 30,37,1 37,40,1 38,39,1 39,52,1 44,41,1 
25,26,1 26,37,1 30,37,1 37,40,1 38,39,1 39,52,1 44,41,1 
25,49,1 30,37,1 37,40,1 38,39,1 39,52,1 44,41,1 49,37,1 
25,30,1 30,37,2 37,40,1 38,39,1 39,52,1 44,41,1 
25,30,1 28,29,1 30,37,2 37,40,1 38,39,1 39,52,1 44,41,1 
5,6,1 25,30,1 28,29,1 30,37,2 37,40,1 38,39,1 39,52,1 44,41,1 
5,11,1 10,11,1 25,30,1 28,29,1 30,37,2 37,40,1 38,39,1 39,52,1 44,41,1 
5,43,1 10,43,1 25,30,1 28,29,1 30,37,2 37,40,1 38,39,1 39,52,1 44,41,1 
5,44,1 10,44,1 20,41,1 25,30,1 28,29,1 30,37,2 37,40,1 38,39,1 39,52,1 
5,23,1 10,23,1 20,41,1 22,23,1 25,30,1 28,29,1 30,37,2 37,40,1 38,39,1 39,52,1 
5,25,1 10,25,1 20,41,1 22,25,1 24,25,1 25,30,1 28,29,1 30,37,2 37,40,1 38,39,1 39,52,1 
5,28,1 10,28,1 20,41,1 22,28,1 24,28,1 28,29,1 28,30,1 30,37,2 37,40,1 38,39,1 39,52,1 
5,28,1 10,28,1 20,41,1 22,28,1 24,28,1 28,29,1 28,30,1 30,37,2 37,40,1 38,39,1 39,52,1 
10,28,2 20,41,1 22,28,1 24,28,1 28,29,1 28,30,1 30,37,2 37,40,1 38,39,1 39,52,1 
14,15,1 15,28,2 20,41,1 22,28,1 24,28,1 28,29,1 28,30,1 30,37,2 37,40,1 38,39,1 39,52,1 
14,20,1 20,28,2 20,41,1 22,28,1 24,28,1 28,29,1 28,30,1 30,37,2 37,40,1 38,39,1 39,52,1 
14,22,1 22,28,3 22,41,1 24,28,1 28,29,1 28,30,1 30,37,2 37,40,1 38,39,1 39,52,1 
14,24,1 24,28,4 24,41,1 28,29,1 28,30,1 30,37,2 37,40,1 38,39,1 39,52,1 
1,2,1 14,24,1 24,28,4 24,41,1 28,29,1 28,30,1 30,37,2 37,40,1 38,39,1 39,52,1 
1,4,1 3,4,1 14,24,1 24,28,4 24,41,1 28,29,1 28,30,1 30,37,2 37,40,1 38,39,1 39,52,1 
1,9,1 3,9,1 8,9,1 14,24,1 24,28,4 24,41,1 28,29,1 28,30,1 30,37,2 37,40,1 38,39,1 39,52,1 
1,14,1 3,14,1 8,14,1 13,14,2 14,24,1 24,28,4 24,41,1 28,29,1 28,30,1 30,37,2 37,40,1 38,39,1 39,52,1 
1,19,1 3,19,1 8,19,1 13,19,2 18,19,1 19,24,1 24,28,4 24,41,1 28,29,1 28,30,1 30,37,2 37,40,1 38,39,1 39,52,1 
0,1,1 1,19,1 3,19,1 8,19,1 13,19,2 18,19,1 19,24,1 24,28,4 24,41,1 28,29,1 28,30,1 30,37,2 37,40,1 38,39,1 39,52,1 
0,3,1 3,19,2 8,19,1 13,19,2 18,19,1 19,24,1 24,28,4 24,41,1 28,29,1 28,30,1 30,37,2 37,40,1 38,39,1 39,52,1 
0,8,1 7,8,1 8,19,3 13,19,2 18,19,1 19,24,1 24,28,4 24,41,1 28,29,1 28,30,1 30,37,2 37,40,1 38,39,1 39,52,1 
0,13,1 7,13,1 13,19,5 18,19,1 19,24,1 24,28,4 24,41,1 28,29,1 28,30,1 30,37,2 37,40,1 38,39,1 39,52,1 
0,18,1 7,18,1 18,19,6 19,24,1 24,28,4 24,41,1 28,29,1 28,30,1 30,37,2 37,40,1 38,39,1 39,52,1 
16,41,1 26,31,1 30,31,1 37,40,1 38,39,1 39,52,1 
26,31,1 30,31,1 37,40,1 38,39,1 39,52,1 44,41,1 
26,31,1 30,31,1 37,40,1 38,39,1 39,52,1 44,41,1 
16,41,1 26,27,1 38,39,1 38,40,1 39,52,1 
25,26,1 26,31,1 30,31,1 37,40,1 38,39,1 39,52,1 44,41,1 
16,41,1 26,50,1 37,40,1 38,39,1 39,52,1 
5,6,1 25,30,1 30,37,2 37,40,1 38,39,1 39,52,1 44,41,1 
5,25,1 10,25,1 20,41,1 22,25,1 24,25,1 25,30,1 28,29,1 30,37,2 37,40,1 38,39,1 39,52,1 
26,50,1 37,40,1 38,39,1 39,52,1 44,41,1 
5,11,1 10,11,1 25,30,1 30,37,2 37,40,1 38,39,1 39,52,1 44,41,1 
10,25,2 20,41,1 22,25,1 24,25,1 25,30,1 28,29,1 30,37,2 37,40,1 38,39,1 39,52,1 
16,41,1 26,50,1 38,39,1 38,40,1 39,52,1 
16,41,1 26,27,1 38,39,1 38,40,1 39,52,1 
26,50,1 37,40,1 38,39,1 39,52,1 44,41,1 
25,49,1 30,31,1 37,40,1 38,39,1 39,52,1 44,41,1 49,31,1 
5,43,1 10,43,1 25,30,1 30,37,2 37,40,1 38,39,1 39,52,1 44,41,1 
14,15,1 15,25,2 20,41,1 22,25,1 24,25,1 25,30,1 28,29,1 30,37,2 37,40,1 38,39,1 39,52,1 
1,2,1 14,22,1 22,28,3 22,41,1 24,28,1 28,29,1 28,30,1 30,37,2 37,40,1 38,39,1 39,52,1 
26,50,1 38,39,1 38,40,1 39,52,1 44,41,1 
26,27,1 38,39,1 38,40,1 39,52,1 44,41,1 
26,50,1 38,39,1 38,40,1 39,52,1 44,41,1 
25,26,1 26,50,1 37,40,1 38,39,1 39,52,1 44,41,1 
5,6,1 25,49,1 30,37,1 37,40,1 38,39,1 39,52,1 44,41,1 49,37,1 
5,44,1 10,44,1 20,41,1 25,30,1 30,37,2 37,40,1 38,39,1 39,52,1 
5,23,1 10,23,1 20,41,1 22,23,1 25,30,1 28,29,1 30,37,2 37,40,1 38,39,1 39,52,1 
14,20,1 20,25,2 20,41,1 22,25,1 24,25,1 25,30,1 28,29,1 30,37,2 37,40,1 38,39,1 39,52,1 
1,2,1 14,20,1 20,28,2 20,41,1 22,28,1 24,28,1 28,29,1 28,30,1 30,37,2 37,40,1 38,39,1 39,52,1 
1,4,1 3,4,1 14,22,1 22,28,3 22,41,1 24,28,1 28,29,1 28,30,1 30,37,2 37,40,1 38,39,1 39,52,1 
5,6,1 25,49,1 30,31,1 37,40,1 38,39,1 39,52,1 44,41,1 49,31,1 
16,41,1 26,27,1 32,52,1 39,40,1 
25,26,1 26,50,1 38,39,1 38,40,1 39,52,1 44,41,1 
5,11,1 10,11,1 25,49,1 30,37,1 37,40,1 38,39,1 39,52,1 44,41,1 49,37,1 
1,2,1 14,20,1 20,25,2 20,41,1 22,25,1 24,25,1 25,30,1 28,29,1 30,37,2 37,40,1 38,39,1 39,52,1 
5,11,1 10,11,1 25,49,1 30,31,1 37,40,1 38,39,1 39,52,1 44,41,1 49,31,1 
16,41,1 32,33,1 
16,41,1 32,33,1 52,40,1 
16,41,1 26,27,1 32,52,1 39,40,1 
26,27,1 38,39,1 38,40,1 39,52,1 44,41,1 
25,26,1 26,31,1 30,31,1 38,39,1 38,40,1 39,52,1 44,41,1 
5,6,1 25,26,1 26,31,1 30,31,1 37,40,1 38,39,1 39,52,1 44,41,1 
5,43,1 10,43,1 25,30,1 30,31,2 37,40,1 38,39,1 39,52,1 44,41,1 
5,43,1 10,43,1 25,49,1 30,31,1 37,40,1 38,39,1 39,52,1 44,41,1 49,31,1 
5,23,1 10,23,1 20,41,1 22,23,1 25,30,1 30,37,2 37,40,1 38,39,1 39,52,1 
5,44,1 10,44,1 20,41,1 25,30,1 30,37,2 37,40,1 38,39,1 39,52,1 
10,23,2 20,41,1 22,23,1 25,30,1 28,29,1 30,37,2 37,40,1 38,39,1 39,52,1 
1,2,1 14,15,1 15,25,2 20,41,1 22,25,1 24,25,1 25,30,1 28,29,1 30,37,2 37,40,1 38,39,1 39,52,1 
1,4,1 3,4,1 14,22,1 22,25,3 22,41,1 24,25,1 25,30,1 28,29,1 30,37,2 37,40,1 38,39,1 39,52,1 
1,4,1 3,4,1 14,20,1 20,25,2 20,41,1 22,25,1 24,25,1 25,30,1 28,29,1 30,37,2 37,40,1 38,39,1 39,52,1 
1,9,1 3,9,1 8,9,1 14,22,1 22,28,3 22,41,1 24,28,1 28,29,1 28,30,1 30,37,2 37,40,1 38,39,1 39,52,1 
0,1,1 1,14,1 3,14,1 8,14,1 13,14,2 14,24,1 24,28,4 24,41,1 28,29,1 28,30,1 30,37,2 37,40,1 38,39,1 39,52,1 
26,27,1 32,52,1 39,40,1 44,41,1 
5,44,1 10,44,1 20,41,1 25,30,1 30,31,2 37,40,1 38,39,1 39,52,1 
5,6,1 25,26,1 26,31,1 30,31,1 38,39,1 38,40,1 39,52,1 44,41,1 
5,11,1 10,11,1 25,26,1 26,31,1 30,31,1 37,40,1 38,39,1 39,52,1 44,41,1 
5,44,1 10,44,1 20,41,1 25,49,1 30,31,1 37,40,1 38,39,1 39,52,1 49,31,1 
5,44,1 10,44,1 20,41,1 25,30,1 30,31,2 37,40,1 38,39,1 39,52,1 
10,23,2 20,41,1 22,23,1 25,30,1 30,37,2 37,40,1 38,39,1 39,52,1 
1,9,1 3,9,1 8,9,1 14,22,1 22,25,3 22,41,1 24,25,1 25,30,1 28,29,1 30,37,2 37,40,1 38,39,1 39,52,1 
26,27,1 32,52,1 39,40,1 44,41,1 
5,6,1 25,26,1 26,50,1 38,39,1 38,40,1 39,52,1 44,41,1 
5,44,1 10,44,1 20,41,1 25,49,1 30,31,1 37,40,1 38,39,1 39,52,1 49,31,1 
5,23,1 10,23,1 20,41,1 22,23,1 25,30,1 30,31,2 37,40,1 38,39,1 39,52,1 
5,11,1 10,11,1 25,26,1 26,31,1 30,31,1 38,39,1 38,40,1 39,52,1 44,41,1 
10,23,2 20,41,1 22,23,1 25,30,1 30,31,2 37,40,1 38,39,1 39,52,1 
16,41,1 26,27,1 32,33,1 52,40,1 
16,41,1 32,33,1 52,40,1 
25,26,1 26,50,1 32,52,1 39,40,1 44,41,1 
25,26,1 26,27,1 32,52,1 39,40,1 44,41,1 
5,11,1 10,11,1 25,26,1 26,50,1 38,39,1 38,40,1 39,52,1 44,41,1 
5,43,1 10,43,1 25,49,1 30,31,1 38,39,1 38,40,1 39,52,1 44,41,1 49,31,1 
5,43,1 10,43,1 25,26,1 26,31,1 30,31,1 38,39,1 38,40,1 39,52,1 44,41,1 
5,43,1 10,43,1 25,49,1 30,31,1 37,40,1 38,39,1 39,52,1 44,41,1 49,31,1 
10,23,2 20,41,1 22,23,1 25,49,1 30,31,1 37,40,1 38,39,1 39,52,1 49,31,1 
10,44,2 20,41,1 25,49,1 30,31,1 37,40,1 38,39,1 39,52,1 49,31,1 
1,2,1 14,15,1 15,25,2 20,41,1 22,25,1 24,25,1 25,30,1 28,29,1 30,31,2 37,40,1 38,39,1 39,52,1 
1,2,1 14,15,1 15,25,2 20,41,1 22,25,1 24,25,1 25,30,1 30,31,2 37,40,1 38,39,1 39,52,1 
1,2,1 14,15,1 15,23,2 20,41,1 22,23,1 25,30,1 30,31,2 37,40,1 38,39,1 39,52,1 
1,2,1 10,23,2 20,41,1 22,23,1 25,30,1 30,31,2 37,40,1 38,39,1 39,52,1 
1,4,1 3,4,1 14,15,1 15,25,2 20,41,1 22,25,1 24,25,1 25,30,1 28,29,1 30,37,2 37,40,1 38,39,1 39,52,1 
1,9,1 3,9,1 8,9,1 14,20,1 20,25,2 20,41,1 22,25,1 24,25,1 25,30,1 28,29,1 30,37,2 37,40,1 38,39,1 39,52,1 
0,1,1 1,14,1 3,14,1 8,14,1 13,14,2 14,24,1 24,25,4 24,41,1 25,30,1 28,29,1 30,37,2 37,40,1 38,39,1 39,52,1 
0,1,1 1,14,1 3,14,1 8,14,1 13,14,2 14,22,1 22,25,3 22,41,1 24,25,1 25,30,1 28,29,1 30,37,2 37,40,1 38,39,1 39,52,1 
0,1,1 1,9,1 3,9,1 8,9,1 14,22,1 22,25,3 22,41,1 24,25,1 25,30,1 28,29,1 30,37,2 37,40,1 38,39,1 39,52,1 
0,3,1 3,14,2 8,14,1 13,14,2 14,24,1 24,28,4 24,41,1 28,29,1 28,30,1 30,37,2 37,40,1 38,39,1 39,52,1 
5,6,1 25,26,1 26,50,1 32,52,1 39,40,1 44,41,1 
5,43,1 10,43,1 25,49,1 30,31,1 38,39,1 38,40,1 39,52,1 44,41,1 49,31,1 
1,4,1 3,4,1 14,15,1 15,25,2 20,41,1 22,25,1 24,25,1 25,30,1 28,29,1 30,31,2 37,40,1 38,39,1 39,52,1 
26,27,1 32,33,1 44,41,1 52,40,1 
5,44,1 10,44,1 20,41,1 25,49,1 30,31,1 38,39,1 38,40,1 39,52,1 49,31,1 
1,2,1 10,23,2 20,41,1 22,23,1 25,49,1 30,31,1 37,40,1 38,39,1 39,52,1 49,31,1 
1,4,1 3,4,1 14,20,1 20,25,2 20,41,1 22,25,1 24,25,1 25,30,1 28,29,1 30,31,2 37,40,1 38,39,1 39,52,1 
16,41,1 32,33,1 52,40,1 
5,6,1 25,26,1 26,27,1 32,52,1 39,40,1 44,41,1 
5,43,1 10,43,1 25,26,1 26,50,1 38,39,1 38,40,1 39,52,1 44,41,1 
5,43,1 10,43,1 25,26,1 26,31,1 30,31,1 38,39,1 38,40,1 39,52,1 44,41,1 
1,2,1 14,15,1 15,23,2 20,41,1 22,23,1 25,49,1 30,31,1 37,40,1 38,39,1 39,52,1 49,31,1 
1,4,1 3,4,1 14,15,1 15,25,2 20,41,1 22,25,1 24,25,1 25,30,1 30,31,2 37,40,1 38,39,1 39,52,1 
0,3,1 3,14,2 8,14,1 13,14,2 14,24,1 24,25,4 24,41,1 25,30,1 28,29,1 30,37,2 37,40,1 38,39,1 39,52,1 
5,11,1 10,11,1 25,26,1 26,50,1 32,52,1 39,40,1 44,41,1 
10,44,2 20,41,1 25,49,1 30,31,1 38,39,1 38,40,1 39,52,1 49,31,1 
1,9,1 3,9,1 8,9,1 14,20,1 20,25,2 20,41,1 22,25,1 24,25,1 25,30,1 28,29,1 30,31,2 37,40,1 38,39,1 39,52,1 
16,41,1 26,27,1 32,33,1 52,40,1 
26,27,1 32,33,1 44,41,1 52,40,1 
5,6,1 26,27,1 32,52,1 39,40,1 44,41,1 
5,43,1 10,43,1 25,26,1 26,50,1 38,39,1 38,40,1 39,52,1 44,41,1 
5,44,1 10,44,1 20,41,1 25,26,1 26,31,1 30,31,1 38,39,1 38,40,1 39,52,1 
1,2,1 10,23,2 20,41,1 22,23,1 25,49,1 30,31,1 38,39,1 38,40,1 39,52,1 49,31,1 
1,2,1 10,44,2 20,41,1 25,49,1 30,31,1 38,39,1 38,40,1 39,52,1 49,31,1 
1,4,1 3,4,1 14,15,1 15,25,2 20,41,1 22,25,1 24,25,1 25,49,1 30,31,1 37,40,1 38,39,1 39,52,1 49,31,1 
1,4,1 3,4,1 14,15,1 15,23,2 20,41,1 22,23,1 25,49,1 30,31,1 37,40,1 38,39,1 39,52,1 49,31,1 
1,4,1 3,4,1 14,20,1 20,25,2 20,41,1 22,25,1 24,25,1 25,30,1 30,31,2 37,40,1 38,39,1 39,52,1 
0,1,1 1,9,1 3,9,1 8,9,1 14,22,1 22,25,3 22,41,1 24,25,1 25,30,1 28,29,1 30,31,2 37,40,1 38,39,1 39,52,1 
0,1,1 1,9,1 3,9,1 8,9,1 14,20,1 20,25,2 20,41,1 22,25,1 24,25,1 25,30,1 28,29,1 30,31,2 37,40,1 38,39,1 39,52,1 
0,3,1 3,14,2 8,14,1 13,14,2 14,22,1 22,25,3 22,41,1 24,25,1 25,30,1 28,29,1 30,37,2 37,40,1 38,39,1 39,52,1 
0,3,1 3,19,2 8,19,1 13,19,2 18,19,1 19,24,1 24,25,4 24,41,1 25,30,1 28,29,1 30,37,2 37,40,1 38,39,1 39,52,1 
16,41,1 32,33,1 
5,43,1 10,43,1 25,26,1 26,50,1 32,52,1 39,40,1 44,41,1 
1,2,1 14,15,1 15,23,2 20,41,1 22,23,1 25,49,1 30,31,1 38,39,1 38,40,1 39,52,1 49,31,1 
0,1,1 1,14,1 3,14,1 8,14,1 13,14,2 14,22,1 22,25,3 22,41,1 24,25,1 25,30,1 28,29,1 30,31,2 37,40,1 38,39,1 39,52,1 
26,27,1 32,33,1 44,41,1 52,40,1 
5,6,1 26,27,1 32,33,1 44,41,1 52,40,1 
5,11,1 10,11,1 25,26,1 26,27,1 32,52,1 39,40,1 44,41,1 
5,43,1 10,43,1 25,26,1 26,50,1 32,52,1 39,40,1 44,41,1 
5,44,1 10,44,1 20,41,1 25,26,1 26,50,1 38,39,1 38,40,1 39,52,1 
10,44,2 20,41,1 25,26,1 26,31,1 30,31,1 38,39,1 38,40,1 39,52,1 
1,4,1 3,4,1 14,15,1 15,23,2 20,41,1 22,23,1 25,49,1 30,31,1 38,39,1 38,40,1 39,52,1 49,31,1 
1,4,1 3,4,1 14,20,1 20,25,2 20,41,1 22,25,1 24,25,1 25,49,1 30,31,1 37,40,1 38,39,1 39,52,1 49,31,1 
1,9,1 3,9,1 8,9,1 14,20,1 20,25,2 20,41,1 22,25,1 24,25,1 25,30,1 30,31,2 37,40,1 38,39,1 39,52,1 
0,3,1 3,14,2 8,14,1 13,14,2 14,22,1 22,25,3 22,41,1 24,25,1 25,30,1 28,29,1 30,31,2 37,40,1 38,39,1 39,52,1 
0,8,1 7,8,1 8,19,3 13,19,2 18,19,1 19,24,1 24,25,4 24,41,1 25,30,1 28,29,1 30,37,2 37,40,1 38,39,1 39,52,1 
16,41,1 26,27,1 32,33,1 
5,6,1 25,26,1 26,27,1 32,33,1 44,41,1 52,40,1 
10,44,2 20,41,1 25,26,1 26,50,1 38,39,1 38,40,1 39,52,1 
1,2,1 10,44,2 20,41,1 25,26,1 26,31,1 30,31,1 38,39,1 38,40,1 39,52,1 
1,4,1 3,4,1 14,15,1 15,25,2 20,41,1 22,25,1 24,25,1 25,49,1 30,31,1 38,39,1 38,40,1 39,52,1 49,31,1 
1,9,1 3,9,1 8,9,1 14,20,1 20,25,2 20,41,1 22,25,1 24,25,1 25,49,1 30,31,1 37,40,1 38,39,1 39,52,1 49,31,1 
0,1,1 1,9,1 3,9,1 8,9,1 14,20,1 20,25,2 20,41,1 22,25,1 24,25,1 25,30,1 30,31,2 37,40,1 38,39,1 39,52,1 
0,3,1 3,14,2 8,14,1 13,14,2 14,24,1 24,25,4 24,41,1 25,30,1 28,29,1 30,31,2 37,40,1 38,39,1 39,52,1 
26,27,1 32,33,1 44,41,1 
5,44,1 10,44,1 20,41,1 25,26,1 26,50,1 32,52,1 39,40,1 
1,2,1 10,44,2 20,41,1 25,26,1 26,50,1 38,39,1 38,40,1 39,52,1 
1,4,1 3,4,1 14,20,1 20,25,2 20,41,1 22,25,1 24,25,1 25,49,1 30,31,1 38,39,1 38,40,1 39,52,1 49,31,1 
0,1,1 1,9,1 3,9,1 8,9,1 14,20,1 20,25,2 20,41,1 22,25,1 24,25,1 25,49,1 30,31,1 37,40,1 38,39,1 39,52,1 49,31,1 
0,3,1 3,19,2 8,19,1 13,19,2 18,19,1 19,24,1 24,25,4 24,41,1 25,30,1 28,29,1 30,31,2 37,40,1 38,39,1 39,52,1 
5,11,1 10,11,1 25,26,1 26,27,1 32,33,1 44,41,1 52,40,1 
10,44,2 20,41,1 25,26,1 26,50,1 32,52,1 39,40,1 
1,9,1 3,9,1 8,9,1 14,20,1 20,25,2 20,41,1 22,25,1 24,25,1 25,49,1 30,31,1 38,39,1 38,40,1 39,52,1 49,31,1 
0,8,1 7,8,1 8,19,3 13,19,2 18,19,1 19,24,1 24,25,4 24,41,1 25,30,1 28,29,1 30,31,2 37,40,1 38,39,1 39,52,1 
1,2,1 10,44,2 20,41,1 25,26,1 26,50,1 32,52,1 39,40,1 
0,1,1 1,9,1 3,9,1 8,9,1 14,20,1 20,25,2 20,41,1 22,25,1 24,25,1 25,49,1 30,31,1 38,39,1 38,40,1 39,52,1 49,31,1 
16,41,1 32,33,1 
16,41,1 
32,33,1 44,41,1 
5,6,1 26,27,1 32,33,1 44,41,1 
5,6,1 26,27,1 32,33,1 44,41,1 
5,6,1 26,27,1 32,33,1 44,41,1 
5,11,1 10,11,1 26,27,1 32,33,1 44,41,1 52,40,1 
5,43,1 10,43,1 25,26,1 26,50,1 32,33,1 44,41,1 52,40,1 
5,43,1 10,43,1 25,26,1 26,27,1 32,33,1 44,41,1 52,40,1 
5,11,1 10,11,1 25,26,1 26,27,1 32,33,1 44,41,1 52,40,1 
1,2,1 10,43,2 25,26,1 26,50,1 32,52,1 39,40,1 44,41,1 
1,2,1 5,43,1 10,43,1 25,26,1 26,50,1 32,52,1 39,40,1 44,41,1 
1,4,1 3,4,1 14,15,1 15,23,2 20,41,1 22,23,1 25,49,1 30,31,1 32,52,1 39,40,1 49,31,1 
1,4,1 3,4,1 14,15,1 15,23,2 20,41,1 22,23,1 25,49,1 32,52,1 39,40,1 49,50,1 
1,4,1 3,4,1 14,15,1 15,23,2 20,41,1 22,23,1 25,26,1 26,50,1 32,52,1 39,40,1 
1,4,1 3,4,1 14,15,1 15,44,2 20,41,1 25,26,1 26,50,1 32,52,1 39,40,1 
1,4,1 3,4,1 10,44,2 20,41,1 25,26,1 26,50,1 32,52,1 39,40,1 
0,1,1 1,9,1 3,9,1 8,9,1 14,20,1 20,23,2 20,41,1 22,23,1 25,49,1 30,31,1 38,39,1 38,40,1 39,52,1 49,31,1 
0,1,1 1,9,1 3,9,1 8,9,1 14,15,1 15,23,2 20,41,1 22,23,1 25,49,1 30,31,1 38,39,1 38,40,1 39,52,1 49,31,1 
0,1,1 1,4,1 3,4,1 14,15,1 15,23,2 20,41,1 22,23,1 25,49,1 30,31,1 38,39,1 38,40,1 39,52,1 49,31,1 
0,3,1 3,14,2 8,14,1 13,14,2 14,22,1 22,25,3 22,41,1 24,25,1 25,30,1 28,29,1 30,31,2 38,39,1 38,40,1 39,52,1 
0,3,1 3,14,2 8,14,1 13,14,2 14,22,1 22,25,3 22,41,1 24,25,1 25,49,1 28,29,1 30,31,1 38,39,1 38,40,1 39,52,1 49,31,1 
0,3,1 3,14,2 8,14,1 13,14,2 14,22,1 22,25,3 22,41,1 24,25,1 25,49,1 30,31,1 38,39,1 38,40,1 39,52,1 49,31,1 
0,3,1 3,14,2 8,14,1 13,14,2 14,20,1 20,25,2 20,41,1 22,25,1 24,25,1 25,49,1 30,31,1 38,39,1 38,40,1 39,52,1 49,31,1 
0,3,1 3,9,2 8,9,1 14,20,1 20,25,2 20,41,1 22,25,1 24,25,1 25,49,1 30,31,1 38,39,1 38,40,1 39,52,1 49,31,1 
0,8,1 7,8,1 8,19,3 13,19,2 18,19,1 19,22,1 22,25,3 22,41,1 24,25,1 25,30,1 28,29,1 30,31,2 37,40,1 38,39,1 39,52,1 
0,8,1 7,8,1 8,14,3 13,14,2 14,22,1 22,25,3 22,41,1 24,25,1 25,30,1 28,29,1 30,31,2 37,40,1 38,39,1 39,52,1 
0,13,1 7,13,1 13,19,5 18,19,1 19,24,1 24,28,4 24,41,1 28,29,1 28,30,1 30,31,2 37,40,1 38,39,1 39,52,1 
0,13,1 7,13,1 13,19,5 18,19,1 19,24,1 24,25,4 24,41,1 25,30,1 28,29,1 30,31,2 37,40,1 38,39,1 39,52,1 
7,13,2 13,19,5 18,19,1 19,24,1 24,28,4 24,41,1 28,29,1 28,30,1 30,37,2 37,40,1 38,39,1 39,52,1 
1,2,1 5,43,1 10,43,1 25,26,1 26,50,1 32,33,1 44,41,1 52,40,1 
0,1,1 1,4,1 3,4,1 14,15,1 15,23,2 20,41,1 22,23,1 25,49,1 30,31,1 32,52,1 39,40,1 49,31,1 
5,11,1 10,11,1 26,27,1 32,33,1 44,41,1 
1,2,1 10,43,2 25,26,1 26,50,1 32,33,1 44,41,1 52,40,1 
0,1,1 1,9,1 3,9,1 8,9,1 14,15,1 15,23,2 20,41,1 22,23,1 25,49,1 30,31,1 32,52,1 39,40,1 49,31,1 
0,8,1 7,8,1 8,14,3 13,14,2 14,22,1 22,25,3 22,41,1 24,25,1 25,30,1 28,29,1 30,31,2 38,39,1 38,40,1 39,52,1 
7,13,2 13,19,5 18,19,1 19,24,1 24,28,4 24,41,1 28,29,1 28,30,1 30,31,2 37,40,1 38,39,1 39,52,1 
32,33,1 44,41,1 
1,2,1 10,44,2 20,41,1 25,26,1 26,50,1 32,33,1 52,40,1 
0,1,1 1,4,1 3,4,1 14,15,1 15,23,2 20,41,1 22,23,1 25,49,1 32,52,1 39,40,1 49,50,1 
0,1,1 1,9,1 3,9,1 8,9,1 14,20,1 20,23,2 20,41,1 22,23,1 25,49,1 30,31,1 32,52,1 39,40,1 49,31,1 
0,8,1 7,8,1 8,19,3 13,19,2 18,19,1 19,22,1 22,25,3 22,41,1 24,25,1 25,30,1 28,29,1 30,31,2 38,39,1 38,40,1 39,52,1 
7,18,2 18,19,6 19,24,1 24,28,4 24,41,1 28,29,1 28,30,1 30,31,2 37,40,1 38,39,1 39,52,1 
26,27,1 32,33,1 44,41,1 
5,11,1 10,11,1 26,27,1 32,33,1 44,41,1 
5,11,1 10,11,1 25,26,1 26,27,1 32,33,1 44,41,1 
1,2,1 5,43,1 10,43,1 25,26,1 26,27,1 32,33,1 44,41,1 52,40,1 
0,1,1 1,4,1 3,4,1 14,15,1 15,23,2 20,41,1 22,23,1 25,26,1 26,50,1 32,52,1 39,40,1 
0,1,1 1,9,1 3,9,1 8,9,1 14,15,1 15,23,2 20,41,1 22,23,1 25,49,1 32,52,1 39,40,1 49,50,1 
0,1,1 1,9,1 3,9,1 8,9,1 14,20,1 20,25,2 20,41,1 22,25,1 24,25,1 25,49,1 30,31,1 32,52,1 39,40,1 49,31,1 
0,8,1 7,8,1 8,14,3 13,14,2 14,22,1 22,25,3 22,41,1 24,25,1 25,49,1 28,29,1 30,31,1 38,39,1 38,40,1 39,52,1 49,31,1 
0,8,1 7,8,1 8,19,3 13,19,2 18,19,1 19,24,1 24,25,4 24,41,1 25,30,1 28,29,1 30,31,2 38,39,1 38,40,1 39,52,1 
44,41,1 
5,6,1 26,27,1 32,33,1 44,41,1 
5,11,1 10,11,1 25,26,1 26,27,1 32,33,1 44,41,1 
1,2,1 10,43,2 25,26,1 26,27,1 32,33,1 44,41,1 52,40,1 
1,4,1 3,4,1 10,44,2 20,41,1 25,26,1 26,50,1 32,33,1 52,40,1 
0,1,1 1,9,1 3,9,1 8,9,1 14,15,1 15,23,2 20,41,1 22,23,1 25,26,1 26,50,1 32,52,1 39,40,1 
0,1,1 1,9,1 3,9,1 8,9,1 14,20,1 20,23,2 20,41,1 22,23,1 25,49,1 32,52,1 39,40,1 49,50,1 
0,3,1 3,9,2 8,9,1 14,20,1 20,25,2 20,41,1 22,25,1 24,25,1 25,49,1 30,31,1 32,52,1 39,40,1 49,31,1 
0,8,1 7,8,1 8,14,3 13,14,2 14,22,1 22,25,3 22,41,1 24,25,1 25,49,1 30,31,1 38,39,1 38,40,1 39,52,1 49,31,1 
0,8,1 7,8,1 8,19,3 13,19,2 18,19,1 19,22,1 22,25,3 22,41,1 24,25,1 25,49,1 28,29,1 30,31,1 38,39,1 38,40,1 39,52,1 49,31,1 
7,13,2 13,19,5 18,19,1 19,24,1 24,25,4 24,41,1 25,30,1 28,29,1 30,31,2 37,40,1 38,39,1 39,52,1 
5,43,1 10,43,1 25,26,1 26,27,1 32,33,1 44,41,1 
1,4,1 3,4,1 14,15,1 15,44,2 20,41,1 25,26,1 26,50,1 32,33,1 52,40,1 
0,3,1 3,14,2 8,14,1 13,14,2 14,20,1 20,25,2 20,41,1 22,25,1 24,25,1 25,49,1 30,31,1 32,52,1 39,40,1 49,31,1 
0,13,1 7,13,1 13,19,5 18,19,1 19,24,1 24,25,4 24,41,1 25,30,1 28,29,1 30,31,2 38,39,1 38,40,1 39,52,1 
5,6,1 26,27,1 44,41,1 
5,6,1 44,41,1 
5,6,1 26,27,1 32,33,1 44,41,1 
5,11,1 10,11,1 25,26,1 26,27,1 32,33,1 44,41,1 
5,11,1 10,11,1 26,27,1 32,33,1 44,41,1 
1,2,1 5,43,1 10,43,1 25,26,1 26,27,1 32,33,1 44,41,1 
1,2,1 10,44,2 20,41,1 25,26,1 26,27,1 32,33,1 52,40,1 
0,1,1 1,4,1 3,4,1 14,15,1 15,23,2 20,41,1 22,23,1 25,26,1 26,50,1 32,33,1 52,40,1 
0,1,1 1,4,1 3,4,1 14,15,1 15,44,2 20,41,1 25,26,1 26,50,1 32,33,1 52,40,1 
0,1,1 1,9,1 3,9,1 8,9,1 14,20,1 20,23,2 20,41,1 22,23,1 25,26,1 26,50,1 32,52,1 39,40,1 
0,3,1 3,9,2 8,9,1 14,20,1 20,25,2 20,41,1 22,25,1 24,25,1 25,49,1 32,52,1 39,40,1 49,50,1 
0,3,1 3,9,2 8,9,1 14,20,1 20,23,2 20,41,1 22,23,1 25,49,1 32,52,1 39,40,1 49,50,1 
0,3,1 3,14,2 8,14,1 13,14,2 14,22,1 22,25,3 22,41,1 24,25,1 25,49,1 30,31,1 32,52,1 39,40,1 49,31,1 
0,8,1 7,8,1 8,19,3 13,19,2 18,19,1 19,22,1 22,25,3 22,41,1 24,25,1 25,49,1 30,31,1 38,39,1 38,40,1 39,52,1 49,31,1 
0,8,1 7,8,1 8,19,3 13,19,2 18,19,1 19,24,1 24,25,4 24,41,1 25,49,1 28,29,1 30,31,1 38,39,1 38,40,1 39,52,1 49,31,1 
7,18,2 18,19,6 19,24,1 24,25,4 24,41,1 25,30,1 28,29,1 30,31,2 37,40,1 38,39,1 39,52,1 
5,11,1 10,11,1 26,27,1 32,33,1 44,41,1 
1,2,1 10,43,2 25,26,1 26,27,1 32,33,1 44,41,1 
0,1,1 1,9,1 3,9,1 8,9,1 14,15,1 15,23,2 20,41,1 22,23,1 25,26,1 26,50,1 32,33,1 52,40,1 
0,8,1 7,8,1 8,14,3 13,14,2 14,22,1 22,25,3 22,41,1 24,25,1 25,49,1 30,31,1 32,52,1 39,40,1 49,31,1 
7,13,2 13,19,5 18,19,1 19,24,1 24,25,4 24,41,1 25,30,1 28,29,1 30,31,2 38,39,1 38,40,1 39,52,1 
5,43,1 10,43,1 25,26,1 26,27,1 32,33,1 44,41,1 
1,4,1 3,4,1 10,44,2 20,41,1 25,26,1 26,27,1 32,33,1 52,40,1 
0,3,1 3,9,2 8,9,1 14,20,1 20,23,2 20,41,1 22,23,1 25,26,1 26,50,1 32,52,1 39,40,1 
0,3,1 3,14,2 8,14,1 13,14,2 14,20,1 20,25,2 20,41,1 22,25,1 24,25,1 25,49,1 32,52,1 39,40,1 49,50,1 
0,13,1 7,13,1 13,19,5 18,19,1 19,24,1 24,25,4 24,41,1 25,49,1 28,29,1 30,31,1 38,39,1 38,40,1 39,52,1 49,31,1 
1,2,1 5,43,1 10,43,1 25,26,1 26,27,1 32,33,1 44,41,1 
1,2,1 10,44,2 20,41,1 25,26,1 26,27,1 32,33,1 
0,1,1 1,9,1 3,9,1 8,9,1 14,20,1 20,23,2 20,41,1 22,23,1 25,26,1 26,50,1 32,33,1 52,40,1 
0,8,1 7,8,1 8,19,3 13,19,2 18,19,1 19,22,1 22,25,3 22,41,1 24,25,1 25,49,1 30,31,1 32,52,1 39,40,1 49,31,1 
7,18,2 18,19,6 19,24,1 24,25,4 24,41,1 25,30,1 28,29,1 30,31,2 38,39,1 38,40,1 39,52,1 
5,11,1 10,11,1 26,27,1 32,33,1 44,41,1 
1,4,1 3,4,1 10,44,2 20,41,1 25,26,1 26,27,1 32,33,1 
0,3,1 3,9,2 8,9,1 14,20,1 20,23,2 20,41,1 22,23,1 25,26,1 26,50,1 32,33,1 52,40,1 
16,35,1 
5,6,1 16,41,1 
5,11,1 10,11,1 26,27,1 44,41,1 
5,11,1 10,11,1 26,27,1 44,41,1 
1,2,1 5,43,1 10,43,1 25,26,1 26,27,1 32,33,1 44,41,1 
1,2,1 5,43,1 10,43,1 26,27,1 32,33,1 44,41,1 
1,2,1 5,11,1 10,11,1 26,27,1 32,33,1 44,41,1 
1,2,1 10,43,2 25,26,1 26,27,1 32,33,1 44,41,1 
1,4,1 3,4,1 10,43,2 25,26,1 26,27,1 32,33,1 44,41,1 
0,1,1 1,4,1 3,4,1 14,15,1 15,44,2 20,41,1 25,26,1 26,50,1 32,33,1 
0,1,1 1,4,1 3,4,1 14,15,1 15,44,2 20,41,1 25,26,1 26,27,1 32,33,1 
0,1,1 1,4,1 3,4,1 10,44,2 20,41,1 25,26,1 26,27,1 32,33,1 
0,1,1 1,9,1 3,9,1 8,9,1 14,15,1 15,44,2 20,41,1 25,26,1 26,50,1 32,33,1 52,40,1 
0,3,1 3,9,2 8,9,1 14,15,1 15,23,2 20,41,1 22,23,1 25,26,1 26,50,1 32,33,1 52,40,1 
0,3,1 3,14,2 8,14,1 13,14,2 14,20,1 20,25,2 20,41,1 22,25,1 24,25,1 25,49,1 32,33,1 49,50,1 52,40,1 
0,3,1 3,14,2 8,14,1 13,14,2 14,20,1 20,25,2 20,41,1 22,25,1 24,25,1 25,26,1 26,50,1 32,33,1 52,40,1 
0,3,1 3,14,2 8,14,1 13,14,2 14,20,1 20,23,2 20,41,1 22,23,1 25,26,1 26,50,1 32,33,1 52,40,1 
0,8,1 7,8,1 8,14,3 13,14,2 14,22,1 22,25,3 22,41,1 24,25,1 25,49,1 32,52,1 39,40,1 49,50,1 
0,8,1 7,8,1 8,14,3 13,14,2 14,20,1 20,25,2 20,41,1 22,25,1 24,25,1 25,49,1 32,52,1 39,40,1 49,50,1 
0,13,1 7,13,1 13,19,5 18,19,1 19,24,1 24,25,4 24,41,1 25,49,1 28,29,1 30,31,1 32,52,1 39,40,1 49,31,1 
0,13,1 7,13,1 13,19,5 18,19,1 19,24,1 24,25,4 24,41,1 25,49,1 30,31,1 32,52,1 39,40,1 49,31,1 
0,13,1 7,13,1 13,19,5 18,19,1 19,22,1 22,25,3 22,41,1 24,25,1 25,49,1 30,31,1 32,52,1 39,40,1 49,31,1 
7,13,2 13,19,5 18,19,1 19,24,1 24,25,4 24,41,1 25,49,1 28,29,1 30,31,1 38,39,1 38,40,1 39,52,1 49,31,1 
7,18,2 18,19,6 19,24,1 24,28,4 24,41,1 28,29,1 28,30,1 30,31,2 38,39,1 38,40,1 39,52,1 
1,2,1 10,43,2 25,26,1 26,27,1 32,33,1 44,41,1 
0,1,1 1,9,1 3,9,1 8,9,1 14,15,1 15,44,2 20,41,1 25,26,1 26,50,1 32,33,1 
0,8,1 7,8,1 8,14,3 13,14,2 14,20,1 20,25,2 20,41,1 22,25,1 24,25,1 25,49,1 32,33,1 49,50,1 52,40,1 
7,13,2 13,19,5 18,19,1 19,24,1 24,25,4 24,41,1 25,49,1 28,29,1 30,31,1 32,52,1 39,40,1 49,31,1 
5,11,1 10,11,1 26,27,1 44,41,1 
1,4,1 3,4,1 10,43,2 25,26,1 26,27,1 32,33,1 44,41,1 
0,1,1 1,9,1 3,9,1 8,9,1 14,15,1 15,23,2 20,41,1 22,23,1 25,26,1 26,50,1 32,33,1 
0,8,1 7,8,1 8,14,3 13,14,2 14,22,1 22,25,3 22,41,1 24,25,1 25,49,1 32,33,1 49,50,1 52,40,1 
5,6,1 16,35,1 
1,4,1 3,4,1 10,43,2 25,26,1 26,27,1 32,33,1 44,41,1 
1,4,1 3,4,1 10,44,2 20,41,1 25,26,1 26,27,1 32,33,1 
0,1,1 1,9,1 3,9,1 8,9,1 14,15,1 15,44,2 20,41,1 25,26,1 26,27,1 32,33,1 
0,3,1 3,9,2 8,9,1 14,15,1 15,23,2 20,41,1 22,23,1 25,26,1 26,50,1 32,33,1 
0,8,1 7,8,1 8,14,3 13,14,2 14,20,1 20,25,2 20,41,1 22,25,1 24,25,1 25,26,1 26,50,1 32,33,1 52,40,1 
0,8,1 7,8,1 8,19,3 13,19,2 18,19,1 19,22,1 22,25,3 22,41,1 24,25,1 25,49,1 32,52,1 39,40,1 49,50,1 
7,13,2 13,19,5 18,19,1 19,24,1 24,25,4 24,41,1 25,49,1 30,31,1 32,52,1 39,40,1 49,31,1 
7,18,2 18,19,6 19,24,1 24,25,4 24,41,1 25,49,1 28,29,1 30,31,1 38,39,1 38,40,1 39,52,1 49,31,1 
5,6,1 44,35,1 
1,2,1 5,11,1 10,11,1 26,27,1 44,41,1 
1,4,1 3,4,1 10,44,2 20,41,1 25,26,1 26,27,1 32,33,1 
0,1,1 1,4,1 3,4,1 10,44,2 20,41,1 25,26,1 26,27,1 32,33,1 
0,3,1 3,9,2 8,9,1 14,20,1 20,23,2 20,41,1 22,23,1 25,26,1 26,50,1 32,33,1 
0,8,1 7,8,1 8,19,3 13,19,2 18,19,1 19,22,1 22,25,3 22,41,1 24,25,1 25,49,1 32,33,1 49,50,1 52,40,1 
7,18,2 18,19,6 19,24,1 24,25,4 24,41,1 25,49,1 28,29,1 30,31,1 32,52,1 39,40,1 49,31,1 
0,1,1 1,4,1 3,4,1 10,44,2 20,41,1 25,26,1 26,27,1 32,33,1 
5,11,1 10,11,1 44,41,1 
5,11,1 10,11,1 26,27,1 44,41,1 
1,2,1 5,43,1 10,43,1 26,27,1 44,41,1 
1,2,1 10,43,2 26,27,1 32,33,1 44,41,1 
0,1,1 1,4,1 3,4,1 10,43,2 25,26,1 26,27,1 32,33,1 44,41,1 
0,1,1 1,4,1 3,4,1 14,15,1 15,44,2 20,41,1 25,26,1 26,27,1 32,33,1 
0,1,1 1,4,1 3,4,1 14,15,1 15,44,2 20,41,1 25,26,1 26,27,1 32,33,1 
0,3,1 3,9,2 8,9,1 14,15,1 15,23,2 20,41,1 22,23,1 25,26,1 26,27,1 32,33,1 
0,3,1 3,9,2 8,9,1 14,15,1 15,44,2 20,41,1 25,26,1 26,27,1 32,33,1 
0,3,1 3,14,2 8,14,1 13,14,2 14,20,1 20,23,2 20,41,1 22,23,1 25,26,1 26,50,1 32,33,1 
0,8,1 7,8,1 8,14,3 13,14,2 14,20,1 20,23,2 20,41,1 22,23,1 25,26,1 26,50,1 32,33,1 52,40,1 
0,8,1 7,8,1 8,14,3 13,14,2 14,22,1 22,25,3 22,41,1 24,25,1 25,26,1 26,50,1 32,33,1 52,40,1 
0,13,1 7,13,1 13,19,5 18,19,1 19,22,1 22,25,3 22,41,1 24,25,1 25,49,1 30,31,1 32,33,1 49,31,1 52,40,1 
0,13,1 7,13,1 13,19,5 18,19,1 19,22,1 22,25,3 22,41,1 24,25,1 25,49,1 32,33,1 49,50,1 52,40,1 
7,13,2 13,19,5 18,19,1 19,22,1 22,25,3 22,41,1 24,25,1 25,49,1 30,31,1 32,52,1 39,40,1 49,31,1 
7,18,2 18,19,6 19,24,1 24,25,4 24,41,1 25,30,1 28,29,1 30,31,2 32,52,1 39,40,1 
5,11,1 10,11,1 44,35,1 
0,1,1 1,9,1 3,9,1 8,9,1 14,15,1 15,44,2 20,41,1 25,26,1 26,27,1 32,33,1 
0,8,1 7,8,1 8,14,3 13,14,2 14,20,1 20,23,2 20,41,1 22,23,1 25,26,1 26,50,1 32,33,1 
7,13,2 13,19,5 18,19,1 19,22,1 22,25,3 22,41,1 24,25,1 25,49,1 30,31,1 32,33,1 49,31,1 52,40,1 
5,11,1 10,11,1 26,27,1 44,35,1 
1,2,1 10,43,2 26,27,1 44,41,1 
0,1,1 1,9,1 3,9,1 8,9,1 14,15,1 15,44,2 20,41,1 25,26,1 26,27,1 32,33,1 
0,8,1 7,8,1 8,14,3 13,14,2 14,20,1 20,25,2 20,41,1 22,25,1 24,25,1 25,26,1 26,50,1 32,33,1 
7,13,2 13,19,5 18,19,1 19,22,1 22,25,3 22,41,1 24,25,1 25,49,1 32,33,1 49,50,1 52,40,1 
7,13,2 13,19,5 18,19,1 19,24,1 24,25,4 24,41,1 25,49,1 30,31,1 32,33,1 49,31,1 52,40,1 
5,11,1 10,11,1 26,27,1 44,35,1 
0,3,1 3,9,2 8,9,1 14,15,1 15,44,2 20,41,1 25,26,1 26,27,1 32,33,1 
5,11,1 10,11,1 44,35,1 
1,2,1 5,11,1 10,11,1 26,27,1 44,35,1 
1,2,1 5,11,1 10,11,1 26,27,1 44,35,1 
1,4,1 3,4,1 10,43,2 25,26,1 26,27,1 44,41,1 
1,4,1 3,4,1 10,43,2 26,27,1 44,41,1 
0,3,1 3,9,2 8,9,1 14,15,1 15,44,2 20,41,1 25,26,1 26,27,1 32,33,1 
0,3,1 3,9,2 8,9,1 14,15,1 15,23,2 20,41,1 22,23,1 25,26,1 26,27,1 32,33,1 
0,3,1 3,9,2 8,9,1 14,20,1 20,23,2 20,41,1 22,23,1 25,26,1 26,27,1 32,33,1 
0,8,1 7,8,1 8,14,3 13,14,2 14,22,1 22,25,3 22,41,1 24,25,1 25,26,1 26,50,1 32,33,1 
0,8,1 7,8,1 8,19,3 13,19,2 18,19,1 19,22,1 22,25,3 22,41,1 24,25,1 25,26,1 26,50,1 32,33,1 52,40,1 
7,13,2 13,19,5 18,19,1 19,24,1 24,25,4 24,41,1 25,49,1 32,33,1 49,50,1 52,40,1 
7,18,2 18,19,6 19,24,1 24,25,4 24,41,1 25,49,1 30,31,1 32,52,1 39,40,1 49,31,1 
0,1,1 1,4,1 3,4,1 10,43,2 25,26,1 26,27,1 44,41,1 
0,3,1 3,9,2 8,9,1 14,20,1 20,23,2 20,41,1 22,23,1 25,26,1 26,27,1 32,33,1 
0,8,1 7,8,1 8,19,3 13,19,2 18,19,1 19,22,1 22,25,3 22,41,1 24,25,1 25,26,1 26,50,1 32,33,1 
7,18,2 18,19,6 19,24,1 24,25,4 24,41,1 25,49,1 30,31,1 32,33,1 49,31,1 52,40,1 
1,2,1 5,11,1 10,11,1 44,35,1 
1,2,1 5,43,1 10,43,1 26,27,1 44,35,1 
0,1,1 1,4,1 3,4,1 10,43,2 26,27,1 44,41,1 
0,3,1 3,9,2 8,9,1 14,15,1 15,23,2 20,41,1 22,23,1 25,26,1 26,27,1 32,33,1 
0,3,1 3,14,2 8,14,1 13,14,2 14,20,1 20,23,2 20,41,1 22,23,1 25,26,1 26,50,1 32,33,1 
0,3,1 3,14,2 8,14,1 13,14,2 14,20,1 20,23,2 20,41,1 22,23,1 25,26,1 26,27,1 32,33,1 
0,13,1 7,13,1 13,19,5 18,19,1 19,22,1 22,25,3 22,41,1 24,25,1 25,49,1 32,33,1 49,50,1 
0,13,1 7,13,1 13,19,5 18,19,1 19,22,1 22,25,3 22,41,1 24,25,1 25,26,1 26,50,1 32,33,1 
7,18,2 18,19,6 19,24,1 24,25,4 24,41,1 25,49,1 28,29,1 30,31,1 32,33,1 49,31,1 52,40,1 
7,18,2 18,19,6 19,24,1 24,28,4 24,41,1 28,29,1 28,30,1 30,31,2 32,52,1 39,40,1 
1,2,1 10,43,2 26,27,1 44,35,1 
0,8,1 7,8,1 8,14,3 13,14,2 14,20,1 20,23,2 20,41,1 22,23,1 25,26,1 26,50,1 32,33,1 
7,13,2 13,19,5 18,19,1 19,22,1 22,25,3 22,41,1 24,25,1 25,49,1 32,33,1 49,50,1 
1,4,1 3,4,1 10,43,2 26,27,1 44,35,1 
0,1,1 1,4,1 3,4,1 10,44,2 20,41,1 25,26,1 26,27,1 
0,3,1 3,9,2 8,9,1 14,20,1 20,23,2 20,41,1 22,23,1 25,26,1 26,27,1 32,33,1 
0,8,1 7,8,1 8,14,3 13,14,2 14,20,1 20,23,2 20,41,1 22,23,1 25,26,1 26,27,1 32,33,1 
7,13,2 13,19,5 18,19,1 19,22,1 22,25,3 22,41,1 24,25,1 25,26,1 26,50,1 32,33,1 
7,18,2 18,19,6 19,24,1 24,25,4 24,41,1 25,49,1 32,33,1 49,50,1 52,40,1 
0,1,1 1,4,1 3,4,1 10,43,2 26,27,1 44,35,1 
0,1,1 1,4,1 3,4,1 14,15,1 15,44,2 20,41,1 25,26,1 26,27,1 
0,3,1 3,14,2 8,14,1 13,14,2 14,20,1 20,23,2 20,41,1 22,23,1 25,26,1 26,27,1 32,33,1 
0,1,1 1,4,1 3,4,1 10,43,2 25,26,1 26,27,1 44,35,1 
0,1,1 1,9,1 3,9,1 8,9,1 14,15,1 15,44,2 20,41,1 25,26,1 26,27,1 
0,8,1 7,8,1 8,14,3 13,14,2 14,20,1 20,23,2 20,41,1 22,23,1 25,26,1 26,27,1 32,33,1 
0,8,1 7,8,1 8,14,3 13,14,2 14,20,1 20,25,2 20,41,1 22,25,1 24,25,1 25,26,1 26,50,1 32,33,1 
7,13,2 13,19,5 18,19,1 19,24,1 24,25,4 24,41,1 25,49,1 32,33,1 49,50,1 
0,3,1 3,9,2 8,9,1 14,15,1 15,44,2 20,41,1 25,26,1 26,27,1 
0,8,1 7,8,1 8,14,3 13,14,2 14,22,1 22,25,3 22,41,1 24,25,1 25,26,1 26,50,1 32,33,1 
0,1,1 1,4,1 3,4,1 10,44,2 20,35,1 25,26,1 26,27,1 
0,8,1 7,8,1 8,19,3 13,19,2 18,19,1 19,22,1 22,25,3 22,41,1 24,25,1 25,26,1 26,50,1 32,33,1 
7,18,2 18,19,6 19,24,1 24,25,4 24,41,1 25,49,1 32,33,1 49,50,1 
16,35,1 
0,1,1 1,4,1 3,4,1 14,15,1 15,44,2 20,35,1 25,26,1 26,27,1 
0,13,1 7,13,1 13,19,5 18,19,1 19,22,1 22,25,3 22,41,1 24,25,1 25,26,1 26,50,1 32,33,1 
0,1,1 1,9,1 3,9,1 8,9,1 14,15,1 15,44,2 20,35,1 25,26,1 26,27,1 
7,13,2 13,19,5 18,19,1 19,22,1 22,25,3 22,41,1 24,25,1 25,26,1 26,50,1 32,33,1 
5,6,1 16,35,1 
0,3,1 3,9,2 8,9,1 14,15,1 15,44,2 20,35,1 25,26,1 26,27,1 
5,6,1 16,35,1 
1,2,1 5,11,1 10,11,1 44,35,1 
1,2,1 5,11,1 10,11,1 16,35,1 
1,2,1 5,6,1 16,35,1 
1,2,1 5,6,1 16,35,1 
0,1,1 1,4,1 3,4,1 10,43,2 44,35,1 
0,1,1 1,4,1 3,4,1 10,43,2 44,35,1 
0,1,1 1,4,1 3,4,1 10,11,2 44,35,1 
0,1,1 1,4,1 3,4,1 5,11,1 10,11,1 44,35,1 
0,1,1 1,2,1 5,11,1 10,11,1 44,35,1 
0,3,1 3,9,2 8,9,1 14,15,1 15,44,2 20,35,1 26,27,1 
0,3,1 3,9,2 8,9,1 14,15,1 15,43,2 26,27,1 44,35,1 
0,3,1 3,9,2 8,9,1 10,43,2 26,27,1 44,35,1 
0,3,1 3,4,2 10,43,2 26,27,1 44,35,1 
0,8,1 7,8,1 8,14,3 13,14,2 14,20,1 20,23,2 20,35,1 22,23,1 25,26,1 26,27,1 32,33,1 
0,8,1 7,8,1 8,14,3 13,14,2 14,20,1 20,23,2 20,35,1 22,23,1 25,26,1 26,27,1 
0,8,1 7,8,1 8,14,3 13,14,2 14,20,1 20,35,1 20,44,2 25,26,1 26,27,1 
0,8,1 7,8,1 8,14,3 13,14,2 14,15,1 15,44,2 20,35,1 25,26,1 26,27,1 
0,8,1 7,8,1 8,9,3 14,15,1 15,44,2 20,35,1 25,26,1 26,27,1 
7,13,2 13,19,5 18,19,1 19,22,1 22,25,3 22,41,1 24,25,1 25,26,1 26,50,1 32,33,1 
7,13,2 13,19,5 18,19,1 19,22,1 22,25,3 22,41,1 24,25,1 25,26,1 26,27,1 32,33,1 
7,13,2 13,19,5 18,19,1 19,22,1 22,23,3 22,41,1 25,26,1 26,27,1 32,33,1 
7,13,2 13,19,5 18,19,1 19,20,1 20,23,2 20,41,1 22,23,1 25,26,1 26,27,1 32,33,1 
7,13,2 13,14,5 14,20,1 20,23,2 20,41,1 22,23,1 25,26,1 26,27,1 32,33,1 
7,8,2 8,14,3 13,14,2 14,20,1 20,23,2 20,41,1 22,23,1 25,26,1 26,27,1 32,33,1 
7,18,2 18,19,6 19,24,1 24,25,4 24,41,1 25,49,1 32,33,1 49,50,1 
7,18,2 18,19,6 19,24,1 24,25,4 24,41,1 25,26,1 26,50,1 32,33,1 
7,18,2 18,19,6 19,22,1 22,25,3 22,41,1 24,25,1 25,26,1 26,50,1 32,33,1 
7,18,2 18,19,6 19,24,1 24,25,4 24,41,1 25,49,1 28,29,1 30,31,1 32,33,1 49,31,1 
7,18,2 18,19,6 19,24,1 24,25,4 24,41,1 25,49,1 28,29,1 32,33,1 49,50,1 
7,18,2 18,19,6 19,24,1 24,28,4 24,41,1 28,29,1 28,30,1 30,31,2 32,33,1 52,40,1 
7,18,2 18,19,6 19,24,1 24,28,4 24,41,1 28,29,1 28,49,1 30,31,1 32,33,1 49,31,1 52,40,1 
0,1,1 1,2,1 5,11,1 10,11,1 44,35,1 
0,1,1 1,4,1 3,4,1 5,11,1 10,11,1 44,35,1 
0,1,1 1,4,1 3,4,1 10,11,2 44,35,1 
7,8,2 8,14,3 13,14,2 14,20,1 20,23,2 20,35,1 22,23,1 25,26,1 26,27,1 32,33,1 
5,6,1 16,34,1 
0,1,1 1,4,1 3,4,1 10,43,2 44,35,1 
7,13,2 13,14,5 14,20,1 20,23,2 20,35,1 22,23,1 25,26,1 26,27,1 32,33,1 
7,13,2 13,19,5 18,19,1 19,20,1 20,23,2 20,35,1 22,23,1 25,26,1 26,27,1 32,33,1 
5,6,1 16,34,1 
0,1,1 1,4,1 3,4,1 10,43,2 44,35,1 
7,13,2 13,19,5 18,19,1 19,22,1 22,23,3 22,35,1 25,26,1 26,27,1 32,33,1 
0,1,1 1,4,1 3,4,1 10,43,2 26,27,1 44,35,1 
7,8,2 8,14,3 13,14,2 14,20,1 20,23,2 20,35,1 22,23,1 25,26,1 26,27,1 
7,13,2 13,19,5 18,19,1 19,22,1 22,25,3 22,35,1 24,25,1 25,26,1 26,27,1 32,33,1 
7,13,2 13,14,5 14,20,1 20,23,2 20,35,1 22,23,1 25,26,1 26,27,1 
0,3,1 3,4,2 10,43,2 26,27,1 44,35,1 
7,13,2 13,19,5 18,19,1 19,20,1 20,23,2 20,35,1 22,23,1 25,26,1 26,27,1 
7,18,2 18,19,6 19,22,1 22,25,3 22,41,1 24,25,1 25,26,1 26,50,1 32,33,1 
1,2,1 5,6,1 16,34,1 
0,3,1 3,9,2 8,9,1 10,43,2 26,27,1 44,35,1 
1,2,1 5,6,1 16,34,1 
0,3,1 3,9,2 8,9,1 14,15,1 15,43,2 26,27,1 44,35,1 
7,13,2 13,19,5 18,19,1 19,22,1 22,23,3 22,35,1 25,26,1 26,27,1 
7,13,2 13,19,5 18,19,1 19,22,1 22,25,3 22,35,1 24,25,1 25,26,1 26,50,1 32,33,1 
7,18,2 18,19,6 19,24,1 24,25,4 24,41,1 25,49,1 28,29,1 32,33,1 49,50,1 
7,18,2 18,19,6 19,24,1 24,28,4 24,41,1 28,29,1 28,49,1 30,31,1 32,33,1 49,31,1 
1,2,1 5,11,1 10,11,1 16,34,1 
0,3,1 3,9,2 8,9,1 14,15,1 15,44,2 20,35,1 26,27,1 
7,18,2 18,19,6 19,22,1 22,25,3 22,35,1 24,25,1 25,26,1 26,50,1 32,33,1 
0,3,1 3,4,2 10,43,2 44,35,1 
7,13,2 13,19,5 18,19,1 19,22,1 22,25,3 22,35,1 24,25,1 25,26,1 26,27,1 
7,18,2 18,19,6 19,22,1 22,25,3 22,35,1 24,25,1 25,26,1 26,27,1 32,33,1 
7,18,2 18,19,6 19,24,1 24,25,4 24,41,1 25,26,1 26,50,1 32,33,1 
1,2,1 5,11,1 10,11,1 44,34,1 
0,3,1 3,9,2 8,9,1 14,15,1 15,44,2 20,35,1 25,26,1 26,27,1 
7,18,2 18,19,6 19,24,1 24,25,4 24,35,1 25,26,1 26,50,1 32,33,1 
0,1,1 1,2,1 5,11,1 10,11,1 44,34,1 
0,8,1 7,8,1 8,9,3 14,15,1 15,44,2 20,35,1 25,26,1 26,27,1 
0,1,1 1,2,1 5,11,1 10,11,1 16,34,1 
0,1,1 1,4,1 3,4,1 5,11,1 10,11,1 44,34,1 
0,3,1 3,4,2 10,43,2 44,35,1 
0,3,1 3,9,2 8,9,1 10,43,2 44,35,1 
0,8,1 7,8,1 8,9,3 14,15,1 15,44,2 20,35,1 26,27,1 
0,8,1 7,8,1 8,14,3 13,14,2 14,15,1 15,44,2 20,35,1 25,26,1 26,27,1 
7,18,2 18,19,6 19,24,1 24,25,4 24,35,1 25,26,1 26,50,1 32,33,1 
7,18,2 18,19,6 19,24,1 24,25,4 24,41,1 25,49,1 28,29,1 30,31,1 32,33,1 49,31,1 
7,18,2 18,19,6 19,24,1 24,28,4 24,41,1 28,29,1 28,30,1 30,31,2 32,33,1 
0,1,1 1,4,1 3,4,1 10,11,2 44,34,1 
0,8,1 7,8,1 8,14,3 13,14,2 14,20,1 20,35,1 20,44,2 25,26,1 26,27,1 
7,18,2 18,19,6 19,22,1 22,25,3 22,35,1 24,25,1 25,26,1 26,27,1 
5,6,1 16,34,1 
0,1,1 1,4,1 3,4,1 10,43,2 44,34,1 
0,8,1 7,8,1 8,14,3 13,14,2 14,20,1 20,23,2 20,35,1 22,23,1 25,26,1 26,27,1 
7,8,2 8,14,3 13,14,2 14,20,1 20,23,2 20,35,1 22,23,1 25,26,1 26,27,1 
1,2,1 5,6,1 16,34,1 
0,1,1 1,4,1 3,4,1 5,11,1 10,11,1 16,34,1 
0,3,1 3,4,2 10,43,2 44,34,1 
0,3,1 3,9,2 8,9,1 10,43,2 44,35,1 
0,3,1 3,9,2 8,9,1 14,15,1 15,43,2 44,35,1 
0,8,1 7,8,1 8,14,3 13,14,2 14,15,1 15,44,2 20,35,1 26,27,1 
7,8,2 8,14,3 13,14,2 14,20,1 20,35,1 20,44,2 25,26,1 26,27,1 
7,13,2 13,14,5 14,20,1 20,23,2 20,35,1 22,23,1 25,26,1 26,27,1 
7,18,2 18,19,6 19,24,1 24,25,4 24,35,1 25,26,1 26,27,1 32,33,1 
7,18,2 18,19,6 19,24,1 24,25,4 24,35,1 25,49,1 32,33,1 49,50,1 
7,18,2 18,19,6 19,24,1 24,28,4 24,41,1 28,29,1 28,49,1 30,31,1 32,33,1 49,31,1 
1,2,1 5,6,1 16,34,1 
0,3,1 3,9,2 8,9,1 10,43,2 44,34,1 
7,13,2 13,19,5 18,19,1 19,20,1 20,23,2 20,35,1 22,23,1 25,26,1 26,27,1 
1,2,1 5,6,1 16,34,1 
0,3,1 3,9,2 8,9,1 10,43,2 44,34,1 
1,2,1 5,6,1 16,34,1 
0,3,1 3,9,2 8,9,1 14,15,1 15,43,2 44,34,1 
7,13,2 13,19,5 18,19,1 19,22,1 22,23,3 22,35,1 25,26,1 26,27,1 
7,18,2 18,19,6 19,24,1 24,25,4 24,35,1 25,26,1 26,27,1 
0,3,1 3,9,2 8,9,1 14,15,1 15,43,2 26,27,1 44,34,1 
1,2,1 5,11,1 10,11,1 16,34,1 
0,3,1 3,9,2 8,9,1 14,15,1 15,44,2 20,34,1 26,27,1 
7,13,2 13,19,5 18,19,1 19,22,1 22,25,3 22,35,1 24,25,1 25,26,1 26,27,1 
0,1,1 1,2,1 5,11,1 10,11,1 16,34,1 
0,8,1 7,8,1 8,9,3 14,15,1 15,44,2 20,34,1 26,27,1 
7,18,2 18,19,6 19,22,1 22,25,3 22,35,1 24,25,1 25,26,1 26,27,1 
1,2,1 5,6,1 16,34,1 
0,1,1 1,2,1 5,6,1 16,34,1 
0,1,1 1,4,1 3,4,1 5,11,1 10,11,1 16,34,1 
0,1,1 1,4,1 3,4,1 10,11,2 16,34,1 
0,3,1 3,4,2 10,11,2 44,34,1 
0,3,1 3,9,2 8,9,1 14,15,1 15,43,2 44,34,1 
0,8,1 7,8,1 8,9,3 14,15,1 15,44,2 20,34,1 
0,8,1 7,8,1 8,9,3 14,15,1 15,43,2 44,34,1 
0,8,1 7,8,1 8,14,3 13,14,2 14,15,1 15,44,2 20,34,1 26,27,1 
7,8,2 8,14,3 13,14,2 14,20,1 20,35,1 20,44,2 26,27,1 
7,8,2 8,14,3 13,14,2 14,15,1 15,44,2 20,35,1 26,27,1 
7,13,2 13,14,5 14,20,1 20,35,1 20,44,2 25,26,1 26,27,1 
7,18,2 18,19,6 19,22,1 22,23,3 22,35,1 25,26,1 26,27,1 
7,18,2 18,19,6 19,24,1 24,25,4 24,35,1 25,26,1 26,50,1 
7,18,2 18,19,6 19,24,1 24,25,4 24,35,1 25,49,1 32,33,1 49,50,1 
7,18,2 18,19,6 19,24,1 24,25,4 24,35,1 25,49,1 28,29,1 32,33,1 49,50,1 
7,18,2 18,19,6 19,24,1 24,28,4 24,41,1 28,29,1 28,49,1 32,33,1 49,50,1 
7,18,2 18,19,6 19,24,1 24,28,4 24,41,1 28,29,1 28,30,1 30,31,2 32,33,1 
7,8,2 8,14,3 13,14,2 14,15,1 15,44,2 20,34,1 26,27,1 
0,1,1 1,4,1 3,4,1 10,11,2 16,34,1 
7,8,2 8,14,3 13,14,2 14,20,1 20,34,1 20,44,2 26,27,1 
7,18,2 18,19,6 19,24,1 24,25,4 24,35,1 25,26,1 26,27,1 
0,1,1 1,4,1 3,4,1 10,11,2 44,34,1 
7,8,2 8,14,3 13,14,2 14,20,1 20,34,1 20,44,2 25,26,1 26,27,1 
0,3,1 3,4,2 10,11,2 44,34,1 
7,13,2 13,14,5 14,20,1 20,34,1 20,44,2 25,26,1 26,27,1 
5,6,1 16,34,1 
0,3,1 3,4,2 10,43,2 44,34,1 
7,13,2 13,14,5 14,20,1 20,23,2 20,34,1 22,23,1 25,26,1 26,27,1 
1,2,1 5,6,1 16,34,1 
0,1,1 1,2,1 5,6,1 16,34,1 
0,3,1 3,4,2 10,11,2 16,34,1 
0,3,1 3,9,2 8,9,1 10,43,2 44,34,1 
0,8,1 7,8,1 8,9,3 14,15,1 15,43,2 44,34,1 
0,8,1 7,8,1 8,14,3 13,14,2 14,15,1 15,44,2 20,34,1 
7,13,2 13,14,5 14,20,1 20,34,1 20,44,2 26,27,1 
7,13,2 13,19,5 18,19,1 19,20,1 20,23,2 20,34,1 22,23,1 25,26,1 26,27,1 
7,18,2 18,19,6 19,24,1 24,25,4 24,35,1 25,26,1 26,50,1 
7,18,2 18,19,6 19,24,1 24,28,4 24,35,1 28,29,1 28,49,1 32,33,1 49,50,1 
1,2,1 5,6,1 16,34,1 
0,3,1 3,9,2 8,9,1 14,15,1 15,43,2 44,34,1 
7,8,2 8,14,3 13,14,2 14,15,1 15,44,2 20,34,1 
7,13,2 13,19,5 18,19,1 19,22,1 22,23,3 22,34,1 25,26,1 26,27,1 
7,18,2 18,19,6 19,24,1 24,25,4 24,35,1 25,26,1 26,50,1 32,33,1 
7,18,2 18,19,6 19,24,1 24,28,4 24,35,1 28,29,1 28,49,1 30,31,1 32,33,1 49,31,1 
0,1,1 1,2,1 5,6,1 16,34,1 
0,8,1 7,8,1 8,9,3 14,15,1 15,43,2 44,34,1 
7,18,2 18,19,6 19,22,1 22,23,3 22,34,1 25,26,1 26,27,1 
0,1,1 1,2,1 5,6,1 16,34,1 
0,8,1 7,8,1 8,9,3 14,15,1 15,43,2 44,34,1 
7,18,2 18,19,6 19,24,1 24,25,4 24,35,1 25,49,1 32,33,1 49,50,1 
0,1,1 1,2,1 5,11,1 10,11,1 16,34,1 
0,8,1 7,8,1 8,9,3 14,15,1 15,44,2 20,34,1 
7,18,2 18,19,6 19,22,1 22,25,3 22,34,1 24,25,1 25,26,1 26,27,1 
0,1,1 1,4,1 3,4,1 5,11,1 10,11,1 16,34,1 
0,8,1 7,8,1 8,14,3 13,14,2 14,15,1 15,44,2 20,34,1 
7,8,2 8,14,3 13,14,2 14,15,1 15,44,2 20,34,1 
1,2,1 16,34,1 
0,1,1 1,2,1 5,6,1 16,34,1 
0,1,1 1,4,1 3,4,1 5,11,1 10,11,1 16,34,1 
0,1,1 1,4,1 3,4,1 5,6,1 16,34,1 
0,3,1 3,4,2 10,11,2 16,34,1 
0,3,1 3,4,2 5,11,1 10,11,1 16,34,1 
0,3,1 3,9,2 8,9,1 10,43,2 16,34,1 
0,3,1 3,9,2 8,9,1 10,11,2 16,34,1 
0,8,1 7,8,1 8,9,3 10,43,2 44,34,1 
7,8,2 8,14,3 13,14,2 14,15,1 15,44,2 20,34,1 
7,8,2 8,14,3 13,14,2 14,15,1 15,43,2 44,34,1 
7,8,2 8,9,3 14,15,1 15,43,2 44,34,1 
7,13,2 13,14,5 14,20,1 20,34,1 20,44,2 26,27,1 
7,13,2 13,14,5 14,20,1 20,34,1 20,44,2 
7,13,2 13,14,5 14,15,1 15,44,2 20,34,1 
7,13,2 13,19,5 18,19,1 19,20,1 20,23,2 20,34,1 22,23,1 26,27,1 
7,13,2 13,19,5 18,19,1 19,20,1 20,34,1 20,44,2 26,27,1 
7,18,2 18,19,6 19,20,1 20,23,2 20,34,1 22,23,1 25,26,1 26,27,1 
7,18,2 18,19,6 19,24,1 24,25,4 24,34,1 25,26,1 26,27,1 
7,18,2 18,19,6 19,24,1 24,25,4 24,35,1 25,49,1 49,50,1 
7,18,2 18,19,6 19,24,1 24,25,4 24,35,1 25,49,1 28,29,1 32,33,1 49,50,1 
7,18,2 18,19,6 19,24,1 24,25,4 24,35,1 25,49,1 28,29,1 32,33,1 49,50,1 
7,18,2 18,19,6 19,24,1 24,28,4 24,35,1 28,29,1 28,30,1 30,31,2 32,33,1 
0,3,1 3,9,2 8,9,1 10,11,2 16,34,1 
7,13,2 13,19,5 18,19,1 19,20,1 20,34,1 20,44,2 26,27,1 
0,3,1 3,9,2 8,9,1 10,43,2 16,34,1 
7,13,2 13,19,5 18,19,1 19,20,1 20,23,2 20,34,1 22,23,1 26,27,1 
7,18,2 18,19,6 19,24,1 24,28,4 24,35,1 28,29,1 28,49,1 32,33,1 49,50,1 
0,3,1 3,9,2 8,9,1 10,43,2 44,34,1 
7,13,2 13,19,5 18,19,1 19,20,1 20,23,2 20,34,1 22,23,1 25,26,1 26,27,1 
0,8,1 7,8,1 8,9,3 10,43,2 44,34,1 
7,18,2 18,19,6 19,20,1 20,23,2 20,34,1 22,23,1 25,26,1 26,27,1 
0,8,1 7,8,1 8,9,3 14,15,1 15,43,2 44,34,1 
7,18,2 18,19,6 19,22,1 22,23,3 22,34,1 25,26,1 26,27,1 
7,8,2 8,9,3 14,15,1 15,43,2 44,34,1 
1,2,1 16,34,1 
0,3,1 3,4,2 5,11,1 10,11,1 16,34,1 
0,8,1 7,8,1 8,9,3 10,43,2 16,34,1 
7,8,2 8,14,3 13,14,2 14,15,1 15,43,2 44,34,1 
7,13,2 13,14,5 14,15,1 15,44,2 20,34,1 
7,13,2 13,19,5 18,19,1 19,20,1 20,34,1 20,44,2 
7,18,2 18,19,6 19,20,1 20,23,2 20,34,1 22,23,1 26,27,1 
7,18,2 18,19,6 19,24,1 24,25,4 24,34,1 25,26,1 26,50,1 
7,18,2 18,19,6 19,24,1 24,25,4 24,35,1 25,49,1 28,29,1 49,50,1 
7,18,2 18,19,6 19,24,1 24,28,4 24,35,1 28,29,1 28,49,1 32,33,1 49,50,1 
7,18,2 18,19,6 19,24,1 24,28,4 24,35,1 28,29,1 28,49,1 30,31,1 32,33,1 49,31,1 
1,2,1 5,6,1 16,34,1 
7,8,2 8,14,3 13,14,2 14,15,1 15,44,2 20,34,1 
7,18,2 18,19,6 19,22,1 22,25,3 22,34,1 24,25,1 25,26,1 26,27,1 
0,1,1 1,2,1 5,6,1 16,34,1 
7,13,2 13,14,5 14,15,1 15,44,2 20,34,1 
7,13,2 13,14,5 14,15,1 15,44,2 20,34,1 
7,18,2 18,19,6 19,24,1 24,25,4 24,34,1 25,49,1 49,50,1 
7,18,2 18,19,6 19,24,1 24,28,4 24,35,1 28,29,1 28,30,1 30,31,2 32,33,1 
0,1,1 1,2,1 5,6,1 16,34,1 
7,13,2 13,14,5 14,20,1 20,34,1 20,44,2 
7,18,2 18,19,6 19,24,1 24,25,4 24,34,1 25,26,1 26,27,1 
1,2,1 16,34,1 
0,1,1 1,2,1 16,34,1 
0,1,1 1,4,1 3,4,1 5,6,1 16,34,1 
0,3,1 3,4,2 5,6,1 16,34,1 
0,3,1 3,4,2 10,11,2 16,34,1 
0,8,1 7,8,1 8,9,3 10,11,2 16,34,1 
7,8,2 8,9,3 14,15,1 15,43,2 16,34,1 
7,8,2 8,9,3 10,43,2 16,34,1 
7,13,2 13,14,5 14,15,1 15,43,2 44,34,1 
7,13,2 13,14,5 14,20,1 20,34,1 20,44,2 
7,13,2 13,19,5 18,19,1 19,20,1 20,34,1 20,44,2 
7,18,2 18,19,6 19,20,1 20,23,2 20,34,1 22,23,1 
7,18,2 18,19,6 19,20,1 20,34,1 20,44,2 
7,18,2 18,19,6 19,22,1 22,23,3 22,34,1 26,27,1 
7,18,2 18,19,6 19,24,1 24,25,4 24,34,1 25,49,1 28,29,1 49,50,1 
7,18,2 18,19,6 19,24,1 24,28,4 24,35,1 28,29,1 28,49,1 49,50,1 
0,1,1 1,2,1 16,34,1 
0,3,1 3,4,2 5,6,1 16,34,1 
7,18,2 18,19,6 19,20,1 20,34,1 20,44,2 
0,1,1 1,2,1 5,6,1 16,34,1 
0,3,1 3,4,2 5,11,1 10,11,1 16,34,1 
7,18,2 18,19,6 19,20,1 20,23,2 20,34,1 22,23,1 
7,18,2 18,19,6 19,24,1 24,28,4 24,34,1 28,29,1 28,49,1 49,50,1 
7,18,2 18,19,6 19,20,1 20,23,2 20,34,1 22,23,1 26,27,1 
0,1,1 1,2,1 5,6,1 16,34,1 
0,3,1 3,4,2 10,11,2 16,34,1 
7,18,2 18,19,6 19,22,1 22,23,3 22,34,1 26,27,1 
7,18,2 18,19,6 19,24,1 24,28,4 24,34,1 28,29,1 28,49,1 32,33,1 49,50,1 
0,3,1 3,4,2 10,11,2 16,34,1 
7,18,2 18,19,6 19,22,1 22,23,3 22,34,1 25,26,1 26,27,1 
1,2,1 16,34,1 
0,1,1 1,4,1 3,4,1 5,6,1 16,34,1 
0,3,1 3,9,2 8,9,1 10,11,2 16,34,1 
0,1,1 1,2,1 16,34,1 
0,3,1 3,4,2 5,6,1 16,34,1 
0,3,1 3,9,2 8,9,1 10,11,2 16,34,1 
0,8,1 7,8,1 8,9,3 10,11,2 16,34,1 
7,8,2 8,9,3 10,11,2 16,34,1 
7,8,2 8,14,3 13,14,2 14,15,1 15,43,2 16,34,1 
7,13,2 13,19,5 18,19,1 19,20,1 20,34,1 20,44,2 
7,18,2 18,19,6 19,22,1 22,23,3 22,34,1 
7,18,2 18,19,6 19,24,1 24,28,4 24,34,1 28,29,1 28,49,1 32,33,1 49,50,1 
7,8,2 8,9,3 10,11,2 16,34,1 
0,1,1 1,2,1 5,6,1 16,34,1 
0,3,1 3,4,2 5,11,1 10,11,1 16,34,1 
7,8,2 8,9,3 10,43,2 16,34,1 
7,18,2 18,19,6 19,22,1 22,25,3 22,34,1 24,25,1 25,26,1 26,27,1 
0,1,1 1,2,1 5,6,1 16,34,1 
0,3,1 3,4,2 10,11,2 16,34,1 
7,8,2 8,9,3 14,15,1 15,43,2 16,34,1 
7,18,2 18,19,6 19,24,1 24,25,4 24,34,1 25,26,1 26,27,1 
1,2,1 12,34,1 
0,1,1 1,4,1 3,4,1 5,6,1 16,34,1 
0,3,1 3,9,2 8,9,1 10,11,2 16,34,1 
0,8,1 7,8,1 8,9,3 10,11,2 16,34,1 
7,8,2 8,14,3 13,14,2 14,15,1 15,43,2 16,34,1 
7,13,2 13,14,5 14,15,1 15,43,2 16,34,1 
7,18,2 18,19,6 19,20,1 20,34,1 20,44,2 
7,18,2 18,19,6 19,24,1 24,25,4 24,34,1 25,26,1 26,50,1 
7,18,2 18,19,6 19,24,1 24,28,4 24,34,1 28,29,1 28,49,1 30,31,1 32,33,1 49,31,1 
0,1,1 1,2,1 12,34,1 
0,3,1 3,4,2 5,6,1 16,34,1 
0,8,1 7,8,1 8,9,3 10,11,2 16,34,1 
7,13,2 13,14,5 14,15,1 15,43,2 16,34,1 
0,8,1 7,8,1 8,9,3 10,11,2 16,34,1 
7,13,2 13,14,5 14,15,1 15,43,2 44,34,1 
7,18,2 18,19,6 19,24,1 24,25,4 24,34,1 25,49,1 49,50,1 
7,18,2 18,19,6 19,24,1 24,28,4 24,34,1 28,29,1 28,30,1 30,31,2 32,33,1 
7,8,2 8,9,3 10,11,2 16,34,1 
7,8,2 8,9,3 10,11,2 16,34,1 
7,18,2 18,19,6 19,24,1 24,25,4 24,34,1 25,49,1 28,29,1 49,50,1 
0,1,1 1,2,1 5,6,1 12,34,1 
0,3,1 3,4,2 5,11,1 10,11,1 16,34,1 
7,8,2 8,9,3 10,43,2 16,34,1 
7,13,2 13,14,5 14,15,1 15,44,2 20,34,1 
7,18,2 18,19,6 19,24,1 24,28,4 24,34,1 28,29,1 28,49,1 49,50,1 
0,1,1 1,2,1 5,6,1 12,34,1 
0,3,1 3,4,2 10,11,2 16,34,1 
7,8,2 8,9,3 14,15,1 15,43,2 16,34,1 
7,13,2 13,14,5 14,20,1 20,34,1 20,44,2 
1,2,1 12,34,1 
0,1,1 1,4,1 3,4,1 5,6,1 12,34,1 
0,3,1 3,9,2 8,9,1 10,11,2 16,34,1 
7,8,2 8,14,3 13,14,2 14,15,1 15,43,2 16,34,1 
7,13,2 13,19,5 18,19,1 19,20,1 20,34,1 20,44,2 
0,1,1 1,2,1 12,34,1 
0,3,1 3,4,2 5,6,1 12,34,1 
0,8,1 7,8,1 8,9,3 10,11,2 16,34,1 
7,13,2 13,14,5 14,15,1 15,43,2 16,34,1 
7,18,2 18,19,6 19,20,1 20,34,1 20,44,2 
7,8,2 8,9,3 10,11,2 16,34,1 
7,8,2 8,9,3 10,11,2 16,34,1 
7,13,2 13,14,5 14,15,1 15,43,2 44,34,1 
7,18,2 18,19,6 19,20,1 20,34,1 20,44,2 
0,1,1 1,2,1 5,6,1 12,34,1 
0,3,1 3,4,2 5,11,1 10,11,1 12,34,1 
7,8,2 8,9,3 10,43,2 16,34,1 
7,13,2 13,14,5 14,15,1 15,44,2 20,34,1 
7,18,2 18,19,6 19,20,1 20,23,2 20,34,1 22,23,1 
0,1,1 1,2,1 5,6,1 12,34,1 
0,3,1 3,4,2 10,11,2 12,34,1 
7,8,2 8,9,3 14,15,1 15,43,2 16,34,1 
7,13,2 13,14,5 14,20,1 20,34,1 20,44,2 
7,18,2 18,19,6 19,22,1 22,23,3 22,34,1 
0,1,1 1,4,1 3,4,1 5,6,1 12,34,1 
0,3,1 3,9,2 8,9,1 10,11,2 12,34,1 
7,8,2 8,14,3 13,14,2 14,15,1 15,43,2 16,34,1 
7,13,2 13,19,5 18,19,1 19,20,1 20,34,1 20,44,2 
0,3,1 3,4,2 5,6,1 12,34,1 
0,8,1 7,8,1 8,9,3 10,11,2 12,34,1 
7,13,2 13,14,5 14,15,1 15,43,2 16,34,1 
7,18,2 18,19,6 19,20,1 20,34,1 20,44,2 
7,8,2 8,9,3 10,11,2 12,34,1 
