points
2
3
   -2.6317   -2.6636 1
   -2.0223   -3.2288 0
   -0.3853   -3.0125 1
    1.6229   -1.3297 0
    2.7232   -0.3041 1
    0.2946   -2.4519 0
   -2.2715   -1.2758 0
    3.0506   -1.4752 0
   -2.2867   -1.2588 1
    2.3599    0.2528 0
    1.9680    1.8682 1
    1.8781   -2.1931 0
   -3.2705    0.3237 0
    1.3097   -1.9309 1
    0.8130    3.1179 0
   -2.8912   -0.9857 0
   -2.6904   -2.8607 1
    2.7934    0.5692 0
   -2.1832   -1.9178 0
   -1.4149    1.6585 1
    1.9328    0.6217 0
   -3.2104    0.2107 0
    0.9985    2.6430 1
    2.3990    2.3419 0
    0.6556    2.2829 0
    2.6248    3.4512 1
    1.1526    2.8622 0
    3.5997    0.9885 0
   -1.8762   -2.1335 0
   -0.5740    2.8286 0
   -3.3811   -0.8364 0
   -1.1447   -3.1898 0
   -2.2158    0.0123 0
   -1.8786   -0.4298 0
   -2.1004    0.7535 0
    1.4300    1.4110 0
   -3.0361    0.1842 0
    1.6352   -2.1637 0
    1.9261   -1.9522 0
   -0.2604    2.0307 0
    0.9149    3.4256 0
   -3.0357   -1.3132 0
   -1.8678   -2.2669 0
   -3.2214    1.8501 0
    0.6522    2.2974 0
    3.1158   -1.0573 0
    2.8221    1.5996 0
    2.5548    2.0000 0
    1.5622    1.9384 0
    1.6180    2.7941 0
   -1.9133   -1.8185 0
   -2.1226   -1.0599 0
    2.0432    0.6935 0
    3.3837   -1.5612 0
   -0.3219   -2.3862 0
   -0.2197   -2.8706 0
    1.9853    0.8356 0
    1.7856   -2.1463 0
    0.6758   -0.2955 0
    2.2284   -0.2191 0
